%YAML:1.0
Matches: [ 0, 207, 0, 125., 1, 210, 0, 125., 2, 210, 0, 146., 3, 211, 0,
    145., 4, 172, 0, 100., 5, 59, 0, 97., 6, 155, 0, 125., 7, 161, 0,
    79., 8, 138, 0, 81., 9, 204, 0, 80., 10, 198, 0, 130., 11, 181, 0,
    96., 12, 207, 0, 116., 13, 155, 0, 87., 14, 175, 0, 79., 15, 161, 0,
    105., 16, 81, 0, 143., 17, 162, 0, 110., 18, 145, 0, 83., 19, 148, 0,
    136., 20, 161, 0, 113., 21, 39, 0, 166., 22, 198, 0, 164., 23, 161,
    0, 111., 24, 163, 0, 135., 25, 34, 0, 140., 26, 162, 0, 138., 27,
    161, 0, 129., 28, 115, 0, 111., 29, 164, 0, 117., 30, 109, 0, 131.,
    31, 124, 0, 122., 32, 161, 0, 123., 33, 161, 0, 137., 34, 161, 0,
    132., 35, 47, 0, 141., 36, 145, 0, 134., 37, 175, 0, 99., 38, 161, 0,
    128., 39, 167, 0, 118., 40, 25, 0, 132., 41, 195, 0, 139., 42, 210,
    0, 114., 43, 107, 0, 136., 44, 161, 0, 116., 45, 104, 0, 139., 46,
    175, 0, 88., 47, 195, 0, 144., 48, 175, 0, 117., 49, 27, 0, 137., 50,
    202, 0, 116., 51, 148, 0, 158., 52, 216, 0, 85., 53, 194, 0, 134.,
    54, 0, 0, 119., 55, 166, 0, 125., 56, 4, 0, 138., 57, 195, 0, 136.,
    58, 176, 0, 128., 59, 161, 0, 124., 60, 161, 0, 115., 61, 202, 0,
    138., 62, 195, 0, 135., 63, 198, 0, 139., 64, 2, 0, 179., 65, 207, 0,
    165., 66, 161, 0, 107., 67, 210, 0, 143., 68, 195, 0, 173., 69, 147,
    0, 140., 70, 173, 0, 138., 71, 94, 0, 140., 72, 191, 0, 156., 73,
    198, 0, 132., 74, 198, 0, 110., 75, 207, 0, 159., 76, 211, 0, 152.,
    77, 161, 0, 136., 78, 200, 0, 131., 79, 161, 0, 104., 80, 25, 0,
    153., 81, 189, 0, 160., 82, 163, 0, 131., 83, 207, 0, 132., 84, 195,
    0, 178., 85, 210, 0, 158., 86, 211, 0, 154., 87, 0, 0, 127., 88, 159,
    0, 148., 89, 99, 0, 132., 90, 188, 0, 112., 91, 211, 0, 147., 92,
    149, 0, 135., 93, 2, 0, 115., 94, 1, 0, 123., 95, 149, 0, 142., 96,
    172, 0, 126., 97, 195, 0, 152., 98, 164, 0, 117., 99, 161, 0, 101.,
    100, 196, 0, 106., 101, 161, 0, 116., 102, 195, 0, 143., 103, 161, 0,
    104., 104, 164, 0, 80., 105, 197, 0, 103., 106, 207, 0, 110., 107,
    195, 0, 127., 108, 198, 0, 138., 109, 0, 0, 122., 110, 118, 0, 142.,
    111, 4, 0, 140., 112, 175, 0, 120., 113, 195, 0, 151., 114, 151, 0,
    162., 115, 149, 0, 72., 116, 148, 0, 64., 117, 76, 0, 140., 118, 210,
    0, 129., 119, 184, 0, 123., 120, 191, 0, 144., 121, 196, 0, 102.,
    122, 78, 0, 127., 123, 206, 0, 95., 124, 202, 0, 131., 125, 161, 0,
    128., 126, 161, 0, 134., 127, 185, 0, 124., 128, 184, 0, 131., 129,
    155, 0, 115., 130, 172, 0, 130., 131, 194, 0, 139., 132, 195, 0,
    143., 133, 161, 0, 108., 134, 203, 0, 126., 135, 200, 0, 102., 136,
    161, 0, 118., 137, 0, 0, 102., 138, 161, 0, 122., 139, 202, 0, 111.,
    140, 153, 0, 152., 141, 161, 0, 112., 142, 47, 0, 144., 143, 161, 0,
    117., 144, 161, 0, 135., 145, 104, 0, 138., 146, 195, 0, 128., 147,
    25, 0, 153., 148, 194, 0, 161., 149, 147, 0, 143., 150, 203, 0, 111.,
    151, 40, 0, 131., 152, 148, 0, 132., 153, 149, 0, 126., 154, 216, 0,
    135., 155, 70, 0, 159., 156, 3, 0, 148., 157, 161, 0, 115., 158, 195,
    0, 147., 159, 161, 0, 111., 160, 173, 0, 137., 161, 172, 0, 82., 162,
    211, 0, 155., 163, 187, 0, 107., 164, 27, 0, 173., 165, 207, 0, 147.,
    166, 2, 0, 135., 167, 216, 0, 165., 168, 198, 0, 171., 169, 211, 0,
    163., 170, 210, 0, 159., 171, 195, 0, 171., 172, 66, 0, 136., 173,
    96, 0, 129., 174, 195, 0, 127., 175, 210, 0, 144., 176, 165, 0, 119.,
    177, 161, 0, 121., 178, 61, 0, 134., 179, 149, 0, 137., 180, 91, 0,
    140., 181, 215, 0, 144., 182, 149, 0, 98., 183, 148, 0, 71., 184,
    202, 0, 127., 185, 62, 0, 125., 186, 45, 0, 149., 187, 5, 0, 141.,
    188, 158, 0, 117., 189, 126, 0, 121., 190, 161, 0, 117., 191, 155, 0,
    124., 192, 62, 0, 112., 193, 160, 0, 133., 194, 161, 0, 122., 195,
    115, 0, 144., 196, 28, 0, 161., 197, 68, 0, 159., 198, 194, 0, 164.,
    199, 124, 0, 107., 200, 18, 0, 131., 201, 211, 0, 97., 202, 57, 0,
    104., 203, 172, 0, 84., 204, 22, 0, 140., 205, 191, 0, 139., 206,
    207, 0, 119., 207, 160, 0, 72., 208, 210, 0, 159., 209, 210, 0, 137.,
    210, 207, 0, 135., 211, 211, 0, 135., 212, 198, 0, 135., 213, 1, 0,
    147., 214, 148, 0, 138., 215, 0, 0, 130., 216, 181, 0, 92., 217, 172,
    0, 88., 218, 154, 0, 96., 219, 151, 0, 125., 220, 102, 0, 146., 221,
    192, 0, 121., 222, 201, 0, 117., 223, 116, 0, 57., 224, 189, 0, 112.,
    225, 198, 0, 118., 226, 146, 0, 58., 227, 154, 0, 49., 228, 108, 0,
    37., 229, 103, 0, 35., 230, 147, 0, 59., 231, 158, 0, 145., 232, 191,
    0, 141., 233, 145, 0, 70., 234, 0, 0, 131., 235, 206, 0, 47., 236,
    25, 0, 146., 237, 104, 0, 159., 238, 148, 0, 143., 239, 198, 0, 143.,
    240, 198, 0, 134., 241, 207, 0, 158., 242, 102, 0, 162., 243, 201, 0,
    159., 244, 162, 0, 127., 245, 115, 0, 108., 246, 196, 0, 74., 247,
    194, 0, 152., 248, 195, 0, 152., 249, 194, 0, 161., 250, 187, 0,
    164., 251, 187, 0, 169., 252, 195, 0, 148., 253, 1, 0, 146., 254, 2,
    0, 125., 255, 1, 0, 146., 256, 1, 0, 158., 257, 26, 0, 152., 258, 78,
    0, 154., 259, 51, 0, 82., 260, 31, 0, 42., 261, 189, 0, 133., 262,
    205, 0, 92., 263, 208, 0, 70., 264, 202, 0, 78., 265, 52, 0, 118.,
    266, 210, 0, 115., 267, 24, 0, 140., 268, 194, 0, 141., 269, 20, 0,
    137., 270, 198, 0, 150., 271, 194, 0, 139., 272, 210, 0, 118., 273,
    216, 0, 144., 274, 210, 0, 132., 275, 35, 0, 89., 276, 29, 0, 152.,
    277, 162, 0, 131., 278, 19, 0, 136., 279, 164, 0, 128., 280, 164, 0,
    124., 281, 68, 0, 137., 282, 62, 0, 138., 283, 194, 0, 133., 284,
    195, 0, 143., 285, 189, 0, 126., 286, 98, 0, 140., 287, 186, 0, 134.,
    288, 194, 0, 150., 289, 195, 0, 141., 290, 173, 0, 118., 291, 164, 0,
    106., 292, 172, 0, 145., 293, 53, 0, 114., 294, 194, 0, 130., 295,
    194, 0, 156., 296, 196, 0, 98., 297, 211, 0, 160., 298, 2, 0, 148.,
    299, 173, 0, 149., 300, 95, 0, 121., 301, 126, 0, 143., 302, 144, 0,
    73., 303, 0, 0, 151., 304, 198, 0, 98., 305, 195, 0, 157., 306, 149,
    0, 161., 307, 202, 0, 110., 308, 17, 0, 95., 309, 195, 0, 153., 310,
    188, 0, 92., 311, 207, 0, 107., 312, 179, 0, 121., 313, 28, 0, 129.,
    314, 13, 0, 133., 315, 175, 0, 126., 316, 143, 0, 99., 317, 216, 0,
    157., 318, 153, 0, 130., 319, 12, 0, 119., 320, 193, 0, 118., 321,
    164, 0, 134., 322, 205, 0, 120., 323, 208, 0, 125., 324, 54, 0, 169.,
    325, 41, 0, 163., 326, 171, 0, 107., 327, 161, 0, 102., 328, 130, 0,
    136., 329, 161, 0, 130., 330, 124, 0, 112., 331, 163, 0, 134., 332,
    130, 0, 130., 333, 210, 0, 110., 334, 194, 0, 156., 335, 195, 0,
    154., 336, 200, 0, 125., 337, 194, 0, 141., 338, 149, 0, 147., 339,
    163, 0, 122., 340, 198, 0, 133., 341, 167, 0, 105., 342, 149, 0,
    137., 343, 194, 0, 142., 344, 25, 0, 136., 345, 149, 0, 149., 346,
    198, 0, 145., 347, 189, 0, 126., 348, 198, 0, 145., 349, 194, 0,
    161., 350, 149, 0, 160., 351, 26, 0, 130., 352, 105, 0, 138., 353,
    198, 0, 128., 354, 0, 0, 153., 355, 149, 0, 142., 356, 27, 0, 148.,
    357, 104, 0, 139., 358, 195, 0, 143., 359, 206, 0, 106., 360, 188, 0,
    132., 361, 148, 0, 163., 362, 105, 0, 146., 363, 175, 0, 139., 364,
    200, 0, 129., 365, 25, 0, 132., 366, 195, 0, 129., 367, 3, 0, 144.,
    368, 173, 0, 137., 369, 191, 0, 156., 370, 145, 0, 77., 371, 31, 0,
    157., 372, 101, 0, 143., 373, 4, 0, 127., 374, 111, 0, 118., 375, 54,
    0, 165., 376, 195, 0, 155., 377, 153, 0, 128., 378, 171, 0, 133.,
    379, 206, 0, 121., 380, 36, 0, 134., 381, 149, 0, 168., 382, 58, 0,
    145., 383, 208, 0, 70., 384, 11, 0, 91., 385, 0, 0, 128., 386, 148,
    0, 157., 387, 104, 0, 146., 388, 79, 0, 114., 389, 197, 0, 139., 390,
    173, 0, 126., 391, 206, 0, 121., 392, 5, 0, 165., 393, 198, 0, 149.,
    394, 173, 0, 144., 395, 197, 0, 129., 396, 171, 0, 128., 397, 2, 0,
    149., 398, 194, 0, 147., 399, 149, 0, 100., 400, 148, 0, 102., 401,
    141, 0, 83., 402, 202, 0, 142., 403, 26, 0, 116., 404, 198, 0, 113.,
    405, 198, 0, 148., 406, 124, 0, 165., 407, 198, 0, 137., 408, 202, 0,
