%YAML:1.0
Matches: [ 0, 207, 0, 8.2087878417968750e+02, 1, 210, 0,
    8.7298968505859375e+02, 2, 25, 0, 8.3672454833984375e+02, 3, 215, 0,
    9.0540264892578125e+02, 4, 72, 0, 6.7389392089843750e+02, 5, 28, 0,
    6.6304150390625000e+02, 6, 40, 0, 8.2308142089843750e+02, 7, 164, 0,
    8.2553497314453125e+02, 8, 16, 0, 6.2327520751953125e+02, 9, 204, 0,
    5.7943676757812500e+02, 10, 17, 0, 8.7923657226562500e+02, 11, 85, 0,
    8.0706878662109375e+02, 12, 199, 0, 8.2578991699218750e+02, 13, 198,
    0, 6.4205450439453125e+02, 14, 198, 0, 6.4564617919921875e+02, 15,
    164, 0, 9.3313879394531250e+02, 16, 195, 0, 7.8334667968750000e+02,
    17, 197, 0, 7.8650555419921875e+02, 18, 49, 0,
    5.7417944335937500e+02, 19, 148, 0, 8.9645971679687500e+02, 20, 195,
    0, 9.5804541015625000e+02, 21, 195, 0, 1.0126139526367188e+03, 22,
    198, 0, 9.3205847167968750e+02, 23, 198, 0, 9.7203448486328125e+02,
    24, 208, 0, 8.4756176757812500e+02, 25, 214, 0,
    8.9424829101562500e+02, 26, 104, 0, 8.7910235595703125e+02, 27, 149,
    0, 1.0660623779296875e+03, 28, 13, 0, 7.1104992675781250e+02, 29,
    108, 0, 7.8343029785156250e+02, 30, 198, 0, 7.8325732421875000e+02,
    31, 199, 0, 7.3228338623046875e+02, 32, 164, 0,
    1.0120405273437500e+03, 33, 194, 0, 1.0719174804687500e+03, 34, 194,
    0, 1.0634034423828125e+03, 35, 148, 0, 8.3161651611328125e+02, 36,
    105, 0, 7.7656164550781250e+02, 37, 175, 0, 6.2455261230468750e+02,
    38, 149, 0, 1.0307531738281250e+03, 39, 149, 0,
    7.6843151855468750e+02, 40, 25, 0, 8.5697430419921875e+02, 41, 195,
    0, 8.1395086669921875e+02, 42, 1, 0, 7.7425317382812500e+02, 43, 25,
    0, 8.7836895751953125e+02, 44, 194, 0, 1.0022420043945313e+03, 45,
    149, 0, 8.4435479736328125e+02, 46, 175, 0, 7.5411932373046875e+02,
    47, 195, 0, 8.9268133544921875e+02, 48, 1, 0, 6.5750439453125000e+02,
    49, 25, 0, 7.9815911865234375e+02, 50, 149, 0,
    9.4361700439453125e+02, 51, 148, 0, 9.0912048339843750e+02, 52, 210,
    0, 7.2122741699218750e+02, 53, 195, 0, 8.7808428955078125e+02, 54,
    105, 0, 6.4151617431640625e+02, 55, 166, 0, 8.5441326904296875e+02,
    56, 4, 0, 8.1756774902343750e+02, 57, 194, 0, 7.5941687011718750e+02,
    58, 186, 0, 8.0373193359375000e+02, 59, 195, 0,
    9.9654052734375000e+02, 60, 195, 0, 9.6199481201171875e+02, 61, 189,
    0, 7.6413348388671875e+02, 62, 195, 0, 6.4907550048828125e+02, 63, 3,
    0, 8.4707440185546875e+02, 64, 204, 0, 1.0682513427734375e+03, 65,
    215, 0, 1.0671621093750000e+03, 66, 195, 0, 9.3742944335937500e+02,
    67, 210, 0, 9.3610418701171875e+02, 68, 29, 0,
    9.8969287109375000e+02, 69, 195, 0, 6.5204296875000000e+02, 70, 205,
    0, 7.9318280029296875e+02, 71, 194, 0, 9.4099896240234375e+02, 72,
    25, 0, 8.5299591064453125e+02, 73, 200, 0, 8.4313165283203125e+02,
    74, 198, 0, 7.6835736083984375e+02, 75, 148, 0,
    9.8056414794921875e+02, 76, 63, 0, 9.8922088623046875e+02, 77, 194,
    0, 1.0681975097656250e+03, 78, 210, 0, 8.2454229736328125e+02, 79,
    164, 0, 9.9779608154296875e+02, 80, 25, 0, 8.2764123535156250e+02,
    81, 204, 0, 9.9818737792968750e+02, 82, 216, 0,
    8.4141961669921875e+02, 83, 207, 0, 6.8402996826171875e+02, 84, 195,
    0, 1.0575059814453125e+03, 85, 210, 0, 8.8039477539062500e+02, 86,
    195, 0, 9.8477355957031250e+02, 87, 105, 0, 8.7931848144531250e+02,
    88, 104, 0, 9.2741088867187500e+02, 89, 25, 0,
    8.5296600341796875e+02, 90, 25, 0, 7.0802612304687500e+02, 91, 195,
    0, 8.7331726074218750e+02, 92, 194, 0, 8.0337414550781250e+02, 93,
    176, 0, 7.5870220947265625e+02, 94, 204, 0, 8.3613037109375000e+02,
    95, 194, 0, 7.8308557128906250e+02, 96, 203, 0,
    7.6144860839843750e+02, 97, 194, 0, 8.0368652343750000e+02, 98, 149,
    0, 9.3981646728515625e+02, 99, 164, 0, 9.1071234130859375e+02, 100,
    9, 0, 6.2493280029296875e+02, 101, 58, 0, 9.5507489013671875e+02,
    102, 195, 0, 7.7628668212890625e+02, 103, 164, 0,
    9.5474554443359375e+02, 104, 164, 0, 8.2050714111328125e+02, 105,
    203, 0, 8.2416259765625000e+02, 106, 199, 0, 6.3284039306640625e+02,
    107, 195, 0, 6.8284185791015625e+02, 108, 198, 0,
    8.3523590087890625e+02, 109, 25, 0, 8.0749859619140625e+02, 110, 205,
    0, 8.6137854003906250e+02, 111, 195, 0, 7.4481610107421875e+02, 112,
    25, 0, 7.5280407714843750e+02, 113, 199, 0, 7.2754174804687500e+02,
    114, 187, 0, 8.8654382324218750e+02, 115, 149, 0,
    5.8815814208984375e+02, 116, 148, 0, 5.5966149902343750e+02, 117,
    106, 0, 7.3248413085937500e+02, 118, 210, 0, 7.0717749023437500e+02,
    119, 63, 0, 8.2264025878906250e+02, 120, 215, 0,
    8.8582897949218750e+02, 121, 205, 0, 6.9484820556640625e+02, 122,
    150, 0, 7.3105468750000000e+02, 123, 206, 0, 7.4399194335937500e+02,
    124, 199, 0, 8.8958697509765625e+02, 125, 195, 0,
    1.0318818359375000e+03, 126, 195, 0, 1.0303581542968750e+03, 127, 12,
    0, 7.6543908691406250e+02, 128, 25, 0, 8.5366094970703125e+02, 129,
    124, 0, 8.1226226806640625e+02, 130, 4, 0, 8.0661822509765625e+02,
    131, 194, 0, 7.9780639648437500e+02, 132, 195, 0,
    8.1852246093750000e+02, 133, 149, 0, 9.4730615234375000e+02, 134, 25,
    0, 7.8990820312500000e+02, 135, 200, 0, 6.7443975830078125e+02, 136,
    104, 0, 9.1063110351562500e+02, 137, 26, 0, 6.8330010986328125e+02,
    138, 149, 0, 9.2996185302734375e+02, 139, 58, 0,
    9.4472644042968750e+02, 140, 26, 0, 9.8220770263671875e+02, 141, 164,
    0, 9.2846325683593750e+02, 142, 148, 0, 9.1955316162109375e+02, 143,
    104, 0, 9.9534667968750000e+02, 144, 195, 0, 1.0508029785156250e+03,
    145, 24, 0, 7.9364221191406250e+02, 146, 194, 0,
    7.7507934570312500e+02, 147, 197, 0, 7.5482379150390625e+02, 148,
    194, 0, 8.7877355957031250e+02, 149, 149, 0, 8.8025506591796875e+02,
    150, 25, 0, 8.1386730957031250e+02, 151, 10, 0,
    8.1600860595703125e+02, 152, 107, 0, 7.3731878662109375e+02, 153,
    215, 0, 7.9620916748046875e+02, 154, 216, 0, 8.1549554443359375e+02,
    155, 195, 0, 7.3230187988281250e+02, 156, 105, 0,
    8.5014471435546875e+02, 157, 164, 0, 9.7488562011718750e+02, 158,
    194, 0, 8.1336889648437500e+02, 159, 164, 0, 9.5004370117187500e+02,
    160, 197, 0, 8.5346118164062500e+02, 161, 8, 0,
    6.6459838867187500e+02, 162, 215, 0, 9.2097125244140625e+02, 163, 9,
    0, 7.2037145996093750e+02, 164, 148, 0, 1.0154309692382813e+03, 165,
    4, 0, 9.1611297607421875e+02, 166, 1, 0, 7.7546954345703125e+02, 167,
    25, 0, 1.0730651855468750e+03, 168, 195, 0, 1.0910682373046875e+03,
    169, 25, 0, 1.0171174926757813e+03, 170, 195, 0,
    1.0989794921875000e+03, 171, 195, 0, 9.2996185302734375e+02, 172,
    194, 0, 7.6555145263671875e+02, 173, 199, 0, 8.0604095458984375e+02,
    174, 195, 0, 7.5429370117187500e+02, 175, 194, 0,
    8.1271337890625000e+02, 176, 56, 0, 8.3914300537109375e+02, 177, 164,
    0, 1.0181841430664063e+03, 178, 205, 0, 8.1650476074218750e+02, 179,
    149, 0, 8.5152862548828125e+02, 180, 25, 0, 8.1507238769531250e+02,
    181, 203, 0, 9.3439447021484375e+02, 182, 149, 0,
    5.2675042724609375e+02, 183, 148, 0, 6.2713873291015625e+02, 184,
    149, 0, 9.9221673583984375e+02, 185, 205, 0, 8.6429449462890625e+02,
    186, 16, 0, 9.4026324462890625e+02, 187, 195, 0,
    8.6389642333984375e+02, 188, 164, 0, 8.1190637207031250e+02, 189,
    181, 0, 8.7827612304687500e+02, 190, 149, 0, 9.2255352783203125e+02,
    191, 58, 0, 7.3019311523437500e+02, 192, 58, 0,
    7.8097503662109375e+02, 193, 205, 0, 8.5196124267578125e+02, 194, 58,
    0, 9.9519195556640625e+02, 195, 39, 0, 8.3626190185546875e+02, 196,
    195, 0, 9.5649096679687500e+02, 197, 194, 0, 9.6363891601562500e+02,
    198, 194, 0, 9.2104559326171875e+02, 199, 149, 0,
    8.2431243896484375e+02, 200, 200, 0, 8.2617370605468750e+02, 201, 63,
    0, 7.0834735107421875e+02, 202, 197, 0, 6.9055773925781250e+02, 203,
    200, 0, 8.1080578613281250e+02, 204, 205, 0, 7.0549554443359375e+02,
    205, 208, 0, 8.8399267578125000e+02, 206, 63, 0,
