%YAML:1.0
Matches: [ 0, 38, 0, 9.1120916604995728e-01, 1, 8, 0,
    9.2981332540512085e-01, 2, 3, 0, 8.5637253522872925e-01, 3, 4, 0,
    8.1386160850524902e-01, 4, 57, 0, 8.9968645572662354e-01, 5, 56, 0,
    8.4225648641586304e-01, 6, 5, 0, 8.7415486574172974e-01, 7, 0, 0,
    .Nan, 8, 150, 0, 7.8785341978073120e-01, 9, 90, 0,
    8.9580696821212769e-01, 10, 38, 0, 9.5137292146682739e-01, 11, 87, 0,
    9.2365980148315430e-01, 12, 26, 0, 1.0025389194488525e+00, 13, 57, 0,
    9.1974627971649170e-01, 14, 34, 0, 8.4412425756454468e-01, 15, 0, 0,
    .Nan, 16, 34, 0, 9.7341251373291016e-01, 17, 17, 0,
    9.4392287731170654e-01, 18, 57, 0, 9.5932787656784058e-01, 19, 29, 0,
    9.2066842317581177e-01, 20, 0, 0, .Nan, 21, 7, 0,
    9.0134567022323608e-01, 22, 4, 0, 9.0903306007385254e-01, 23, 0, 0,
    .Nan, 24, 57, 0, 8.6934834718704224e-01, 25, 57, 0,
    8.6975586414337158e-01, 26, 5, 0, 9.4528502225875854e-01, 27, 0, 0,
    .Nan, 28, 6, 0, 8.6125791072845459e-01, 29, 5, 0,
    9.2990398406982422e-01, 30, 6, 0, 9.3898665904998779e-01, 31, 7, 0,
    9.3875950574874878e-01, 32, 0, 0, .Nan, 33, 0, 0, .Nan, 34, 0, 0,
    .Nan, 35, 6, 0, 9.2427796125411987e-01, 36, 6, 0,
    8.9032119512557983e-01, 37, 6, 0, 9.0227866172790527e-01, 38, 0, 0,
    .Nan, 39, 18, 0, 9.0190660953521729e-01, 40, 6, 0,
    9.0871822834014893e-01, 41, 17, 0, 9.1703110933303833e-01, 42, 8, 0,
    8.1830394268035889e-01, 43, 8, 0, 9.0429300069808960e-01, 44, 0, 0,
    .Nan, 45, 13, 0, 8.4195393323898315e-01, 46, 8, 0,
    9.3679296970367432e-01, 47, 17, 0, 9.1866099834442139e-01, 48, 169,
    0, 8.8688492774963379e-01, 49, 8, 0, 8.7501972913742065e-01, 50, 0,
    0, .Nan, 51, 13, 0, 8.7510615587234497e-01, 52, 8, 0,
    8.7231659889221191e-01, 53, 8, 0, 8.1428140401840210e-01, 54, 18, 0,
    9.1969209909439087e-01, 55, 6, 0, 8.9809781312942505e-01, 56, 18, 0,
    8.9312094449996948e-01, 57, 169, 0, 9.0228796005249023e-01, 58, 169,
    0, 9.0150064229965210e-01, 59, 0, 0, .Nan, 60, 0, 0, .Nan, 61, 18, 0,
    8.8847368955612183e-01, 62, 168, 0, 9.1835832595825195e-01, 63, 168,
    0, 9.0096718072891235e-01, 64, 168, 0, 9.1347837448120117e-01, 65,
    16, 0, 8.6920768022537231e-01, 66, 0, 0, .Nan, 67, 18, 0,
    9.0432345867156982e-01, 68, 16, 0, 9.0066105127334595e-01, 69, 168,
    0, 8.5130041837692261e-01, 70, 168, 0, 9.3043267726898193e-01, 71,
    11, 0, 8.6980086565017700e-01, 72, 169, 0, 8.9452517032623291e-01,
    73, 16, 0, 9.4144576787948608e-01, 74, 12, 0, 8.8427537679672241e-01,
    75, 168, 0, 8.7849211692810059e-01, 76, 169, 0,
    8.7707054615020752e-01, 77, 0, 0, .Nan, 78, 15, 0,
    9.0250116586685181e-01, 79, 0, 0, .Nan, 80, 169, 0,
    8.6807423830032349e-01, 81, 168, 0, 9.5682835578918457e-01, 82, 169,
    0, 9.0308803319931030e-01, 83, 13, 0, 8.9451014995574951e-01, 84, 18,
    0, 8.8238584995269775e-01, 85, 160, 0, 9.5937395095825195e-01, 86,
    168, 0, 8.6924630403518677e-01, 87, 168, 0, 9.6936798095703125e-01,
    88, 35, 0, 9.1801977157592773e-01, 89, 38, 0, 9.5191627740859985e-01,
    90, 16, 0, 9.0826106071472168e-01, 91, 168, 0,
    8.2721227407455444e-01, 92, 169, 0, 8.1904673576354980e-01, 93, 13,
    0, 9.1224288940429688e-01, 94, 16, 0, 9.2694848775863647e-01, 95, 22,
    0, 9.5407694578170776e-01, 96, 16, 0, 1.0168874263763428e+00, 97,
    169, 0, 8.3053928613662720e-01, 98, 0, 0, .Nan, 99, 0, 0, .Nan, 100,
    15, 0, 8.8518410921096802e-01, 101, 0, 0, .Nan, 102, 10, 0,
    8.7636953592300415e-01, 103, 0, 0, .Nan, 104, 0, 0, .Nan, 105, 168,
    0, 9.7231703996658325e-01, 106, 17, 0, 8.0861371755599976e-01, 107,
    168, 0, 8.2334333658218384e-01, 108, 10, 0, 8.8318186998367310e-01,
    109, 10, 0, 8.9882391691207886e-01, 110, 57, 0,
    9.0715551376342773e-01, 111, 169, 0, 9.3705892562866211e-01, 112, 18,
    0, 8.7605708837509155e-01, 113, 168, 0, 8.4959906339645386e-01, 114,
    169, 0, 8.9251208305358887e-01, 115, 4, 0, 6.1047250032424927e-01,
    116, 3, 0, 6.1930483579635620e-01, 117, 7, 0, 8.9355778694152832e-01,
    118, 5, 0, 8.6894035339355469e-01, 119, 168, 0,
    8.7511128187179565e-01, 120, 5, 0, 9.4942510128021240e-01, 121, 17,
    0, 9.1641354560852051e-01, 122, 168, 0, 9.0827018022537231e-01, 123,
    168, 0, 9.0481740236282349e-01, 124, 6, 0, 8.6053830385208130e-01,
    125, 0, 0, .Nan, 126, 0, 0, .Nan, 127, 41, 0, 8.9443516731262207e-01,
    128, 6, 0, 9.2229193449020386e-01, 129, 150, 0,
    9.1682243347167969e-01, 130, 19, 0, 8.4564858675003052e-01, 131, 45,
    0, 9.0865343809127808e-01, 132, 18, 0, 9.2263621091842651e-01, 133,
    0, 0, .Nan, 134, 169, 0, 9.2364156246185303e-01, 135, 169, 0,
    8.8986563682556152e-01, 136, 0, 0, .Nan, 137, 19, 0,
    8.6795276403427124e-01, 138, 0, 0, .Nan, 139, 0, 0, .Nan, 140, 16, 0,
    9.1203552484512329e-01, 141, 0, 0, .Nan, 142, 168, 0,
    9.3986672163009644e-01, 143, 0, 0, .Nan, 144, 0, 0, .Nan, 145, 168,
    0, 8.8919734954833984e-01, 146, 169, 0, 9.3690943717956543e-01, 147,
    169, 0, 9.7037702798843384e-01, 148, 168, 0, 9.3819838762283325e-01,
    149, 168, 0, 9.0921729803085327e-01, 150, 169, 0,
    8.6660254001617432e-01, 151, 168, 0, 9.1720837354660034e-01, 152,
    169, 0, 9.1511225700378418e-01, 153, 169, 0, 8.9684426784515381e-01,
    154, 7, 0, 9.1747003793716431e-01, 155, 169, 0,
    9.2776817083358765e-01, 156, 17, 0, 9.3955522775650024e-01, 157, 0,
    0, .Nan, 158, 7, 0, 9.5519524812698364e-01, 159, 0, 0, .Nan, 160, 34,
    0, 9.4745910167694092e-01, 161, 7, 0, 9.7083032131195068e-01, 162,
    38, 0, 9.5653015375137329e-01, 163, 9, 0, 9.4539463520050049e-01,
    164, 18, 0, 9.8127293586730957e-01, 165, 7, 0,
    9.4188624620437622e-01, 166, 17, 0, 9.6631956100463867e-01, 167, 4,
    0, 9.3844175338745117e-01, 168, 7, 0, 9.1422533988952637e-01, 169, 9,
    0, 9.1260099411010742e-01, 170, 7, 0, 9.3121933937072754e-01, 171, 6,
    0, 9.4877994060516357e-01, 172, 6, 0, 9.5351880788803101e-01, 173, 7,
    0, 9.4769638776779175e-01, 174, 7, 0, 9.5205616950988770e-01, 175, 5,
    0, 9.6878516674041748e-01, 176, 6, 0, 9.4217813014984131e-01, 177, 0,
    0, .Nan, 178, 6, 0, 9.5149409770965576e-01, 179, 6, 0,
    9.8628300428390503e-01, 180, 18, 0, 9.6717768907546997e-01, 181, 10,
    0, 9.5856475830078125e-01, 182, 169, 0, 5.9570801258087158e-01, 183,
    88, 0, 6.4312219619750977e-01, 184, 0, 0, .Nan, 185, 10, 0,
    9.5892369747161865e-01, 186, 18, 0, 9.6326500177383423e-01, 187, 169,
    0, 9.2660266160964966e-01, 188, 169, 0, 9.0383797883987427e-01, 189,
    169, 0, 9.4303423166275024e-01, 190, 0, 0, .Nan, 191, 169, 0,
    9.2908924818038940e-01, 192, 168, 0, 8.4917724132537842e-01, 193, 40,
    0, 9.6628910303115845e-01, 194, 0, 0, .Nan, 195, 39, 0,
    9.4041574001312256e-01, 196, 16, 0, 8.9743059873580933e-01, 197, 169,
    0, 9.5308667421340942e-01, 198, 168, 0, 9.1843587160110474e-01, 199,
    19, 0, 9.1685426235198975e-01, 200, 90, 0, 9.7606092691421509e-01,
    201, 90, 0, 9.3992877006530762e-01, 202, 92, 0,
    1.0168528556823730e+00, 203, 58, 0, 9.4476062059402466e-01, 204, 168,
    0, 1.0179642438888550e+00, 205, 90, 0, 9.8484134674072266e-01, 206,
    19, 0, 9.6481150388717651e-01, 207, 159, 0, 7.8005272150039673e-01,
    208, 89, 0, 8.6683142185211182e-01, 209, 126, 0,
    8.0631357431411743e-01, 210, 40, 0, 9.6447491645812988e-01, 211, 52,
    0, 6.9556885957717896e-01, 212, 19, 0, 9.3764442205429077e-01, 213,
    3, 0, 1.0030589103698730e+00, 214, 22, 0, 9.9731236696243286e-01,
    215, 34, 0, 9.8503971099853516e-01, 216, 56, 0,
    9.5285475254058838e-01, 217, 13, 0, 8.9930605888366699e-01, 218, 42,
    0, 9.5791530609130859e-01, 219, 169, 0, 9.4194704294204712e-01, 220,
    18, 0, 9.1783863306045532e-01, 221, 53, 0, 5.6268727779388428e-01,
    222, 169, 0, 9.2080831527709961e-01, 223, 6, 0,
    8.5295748710632324e-01, 224, 29, 0, 4.7038623690605164e-01, 225, 30,
    0, 4.8950731754302979e-01, 226, 29, 0, 2.6025438308715820e-01, 227,
    30, 0, 3.1702932715415955e-01, 228, 56, 0, 4.6408575773239136e-01,
    229, 152, 0, 9.1850203275680542e-01, 230, 165, 0,
