%YAML:1.0
Matches: [ 0, 3, 0, 4.7245311737060547e+00, 1, 4, 0,
    4.7540574073791504e+00, 2, 3, 0, 3.9153814315795898e+00, 3, 4, 0,
    4.1228885650634766e+00, 4, 8, 0, 5.3982715606689453e+00, 5, 38, 0,
    4.9198656082153320e+00, 6, 11, 0, 4.8255815505981445e+00, 8, 150, 0,
    3.9050962924957275e+00, 9, 158, 0, 4.7990369796752930e+00, 10, 27, 0,
    4.9021182060241699e+00, 11, 24, 0, 4.6670837402343750e+00, 12, 23, 0,
    5.2509078979492188e+00, 13, 29, 0, 5.1264605522155762e+00, 14, 29, 0,
    4.8546004295349121e+00, 16, 29, 0, 5.2009572982788086e+00, 17, 3, 0,
    5.2252793312072754e+00, 18, 29, 0, 5.4101295471191406e+00, 19, 29, 0,
    5.0142993927001953e+00, 21, 10, 0, 4.8270277976989746e+00, 22, 4, 0,
    5.2114620208740234e+00, 24, 5, 0, 5.0345697402954102e+00, 25, 57, 0,
    5.0196313858032227e+00, 26, 8, 0, 5.3252043724060059e+00, 28, 8, 0,
    5.1556682586669922e+00, 29, 8, 0, 5.0669345855712891e+00, 30, 9, 0,
    5.6084814071655273e+00, 31, 7, 0, 5.3407015800476074e+00, 35, 6, 0,
    5.5002126693725586e+00, 36, 6, 0, 4.9623041152954102e+00, 37, 11, 0,
    5.1314258575439453e+00, 39, 13, 0, 5.2697405815124512e+00, 40, 6, 0,
    4.9598097801208496e+00, 41, 17, 0, 5.4958724975585938e+00, 42, 9, 0,
    4.4813213348388672e+00, 43, 11, 0, 5.5967841148376465e+00, 45, 13, 0,
    5.2110939025878906e+00, 46, 11, 0, 5.1368536949157715e+00, 47, 17, 0,
    5.5608682632446289e+00, 48, 6, 0, 5.4345555305480957e+00, 49, 9, 0,
    5.5675148963928223e+00, 51, 13, 0, 5.1061954498291016e+00, 52, 11, 0,
    4.8681426048278809e+00, 53, 9, 0, 4.2652697563171387e+00, 54, 16, 0,
    5.2098560333251953e+00, 55, 8, 0, 5.4906072616577148e+00, 56, 16, 0,
    5.3897356986999512e+00, 57, 169, 0, 5.3018026351928711e+00, 58, 169,
    0, 5.2563533782958984e+00, 61, 16, 0, 5.5208930969238281e+00, 62,
    168, 0, 5.4265694618225098e+00, 63, 17, 0, 5.6740770339965820e+00,
    64, 126, 0, 5.4423398971557617e+00, 65, 13, 0,
    4.6532287597656250e+00, 67, 18, 0, 5.5447273254394531e+00, 68, 13, 0,
    5.6241011619567871e+00, 69, 168, 0, 5.2297263145446777e+00, 70, 16,
    0, 5.7058382034301758e+00, 71, 12, 0, 4.8456611633300781e+00, 72,
    169, 0, 5.5131416320800781e+00, 73, 13, 0, 5.5024652481079102e+00,
    74, 6, 0, 5.2740526199340820e+00, 75, 168, 0, 5.5412025451660156e+00,
    76, 169, 0, 5.3162951469421387e+00, 78, 6, 0, 5.7114267349243164e+00,
    80, 6, 0, 5.4034824371337891e+00, 81, 17, 0, 5.7822141647338867e+00,
    82, 169, 0, 5.5102705955505371e+00, 83, 16, 0,
    5.5234432220458984e+00, 84, 18, 0, 5.4732804298400879e+00, 85, 2, 0,
    5.6789364814758301e+00, 86, 168, 0, 5.2681145668029785e+00, 87, 17,
    0, 5.8453693389892578e+00, 88, 35, 0, 5.6786699295043945e+00, 89, 30,
    0, 5.5834188461303711e+00, 90, 16, 0, 4.9245371818542480e+00, 91,
    168, 0, 5.0970849990844727e+00, 92, 169, 0, 5.2931437492370605e+00,
    93, 16, 0, 5.5300745964050293e+00, 94, 18, 0, 5.6608605384826660e+00,
    95, 59, 0, 5.7905879020690918e+00, 96, 13, 0, 5.9142131805419922e+00,
    97, 169, 0, 5.3219165802001953e+00, 100, 168, 0,
    5.7023320198059082e+00, 102, 18, 0, 5.4466576576232910e+00, 105, 168,
    0, 6.0220313072204590e+00, 106, 15, 0, 5.0126342773437500e+00, 107,
    168, 0, 5.2797565460205078e+00, 108, 18, 0, 5.3714199066162109e+00,
    109, 7, 0, 5.5679421424865723e+00, 110, 34, 0,
    5.7650771141052246e+00, 111, 18, 0, 5.5900793075561523e+00, 112, 18,
    0, 5.0150132179260254e+00, 113, 169, 0, 5.4262175559997559e+00, 114,
    169, 0, 5.5820040702819824e+00, 115, 4, 0, 2.6862490177154541e+00,
    116, 3, 0, 2.7049784660339355e+00, 117, 7, 0, 5.3172464370727539e+00,
    118, 5, 0, 5.4875173568725586e+00, 119, 168, 0,
    5.2505846023559570e+00, 120, 8, 0, 5.7433390617370605e+00, 121, 15,
    0, 5.8161640167236328e+00, 122, 168, 0, 5.4717307090759277e+00, 123,
    169, 0, 5.8338308334350586e+00, 124, 6, 0, 5.1682348251342773e+00,
    127, 16, 0, 5.6770467758178711e+00, 128, 6, 0,
    5.5416688919067383e+00, 129, 150, 0, 5.5466914176940918e+00, 130, 19,
    0, 5.2465219497680664e+00, 131, 161, 0, 5.6761488914489746e+00, 132,
    17, 0, 5.6365590095520020e+00, 134, 6, 0, 5.6548457145690918e+00,
    135, 169, 0, 5.5605945587158203e+00, 137, 6, 0,
    5.4195466041564941e+00, 140, 13, 0, 5.6125373840332031e+00, 142, 22,
    0, 5.5483436584472656e+00, 145, 168, 0, 5.6701450347900391e+00, 146,
    13, 0, 5.7442507743835449e+00, 147, 23, 0, 5.7317800521850586e+00,
    148, 6, 0, 5.6311454772949219e+00, 149, 22, 0,
    5.4237160682678223e+00, 150, 169, 0, 5.3646187782287598e+00, 151,
    168, 0, 5.3359255790710449e+00, 152, 139, 0, 5.5438094139099121e+00,
    153, 169, 0, 5.5692520141601563e+00, 154, 12, 0,
    5.5919656753540039e+00, 155, 8, 0, 5.7182769775390625e+00, 156, 13,
    0, 5.6317567825317383e+00, 158, 6, 0, 5.5135416984558105e+00, 160,
    22, 0, 5.6173014640808105e+00, 161, 3, 0, 5.6528158187866211e+00,
    162, 37, 0, 5.7602105140686035e+00, 163, 11, 0,
    5.5637192726135254e+00, 164, 13, 0, 5.8771958351135254e+00, 165, 10,
    0, 5.5488376617431641e+00, 166, 15, 0, 5.9371919631958008e+00, 167,
    4, 0, 5.3971581459045410e+00, 168, 10, 0, 4.9587721824645996e+00,
    169, 11, 0, 5.2209553718566895e+00, 170, 10, 0,
    5.6728677749633789e+00, 171, 6, 0, 5.5271863937377930e+00, 172, 6, 0,
    5.8583602905273438e+00, 173, 13, 0, 5.4532518386840820e+00, 174, 13,
    0, 5.8216085433959961e+00, 175, 6, 0, 5.7051377296447754e+00, 176, 8,
    0, 5.3859686851501465e+00, 178, 6, 0, 5.3494892120361328e+00, 179,
    11, 0, 5.5248174667358398e+00, 180, 6, 0, 5.5409364700317383e+00,
    181, 11, 0, 5.5226249694824219e+00, 182, 169, 0,
    3.3260204792022705e+00, 183, 88, 0, 2.8909983634948730e+00, 185, 10,
    0, 5.5503001213073730e+00, 186, 17, 0, 5.5444974899291992e+00, 187,
    169, 0, 5.5378494262695313e+00, 188, 169, 0, 5.2563915252685547e+00,
    189, 169, 0, 5.4471282958984375e+00, 191, 13, 0,
    5.3142242431640625e+00, 192, 168, 0, 4.5766372680664063e+00, 193, 13,
    0, 5.4427642822265625e+00, 195, 17, 0, 5.0759248733520508e+00, 196,
    13, 0, 4.7812170982360840e+00, 197, 89, 0, 5.0504746437072754e+00,
    198, 114, 0, 4.9040627479553223e+00, 199, 88, 0,
    4.6590585708618164e+00, 200, 147, 0, 5.0720438957214355e+00, 201,
    153, 0, 4.6295661926269531e+00, 202, 134, 0, 5.2532563209533691e+00,
    203, 152, 0, 4.7748575210571289e+00, 204, 165, 0,
    5.1682620048522949e+00, 205, 147, 0, 5.2582955360412598e+00, 206,
    153, 0, 4.8552441596984863e+00, 207, 164, 0, 4.1245865821838379e+00,
    208, 89, 0, 3.8689007759094238e+00, 209, 88, 0,
    3.6558094024658203e+00, 210, 89, 0, 3.9035255908966064e+00, 211, 24,
    0, 3.0366137027740479e+00, 212, 88, 0, 4.0384783744812012e+00, 213,
    3, 0, 4.6785588264465332e+00, 214, 53, 0, 5.0496978759765625e+00,
    215, 25, 0, 5.2362756729125977e+00, 216, 126, 0,
    5.3601918220520020e+00, 217, 13, 0, 5.4436769485473633e+00, 218, 7,
    0, 5.7693395614624023e+00, 219, 14, 0, 5.6003394126892090e+00, 220,
    17, 0, 5.7402148246765137e+00, 221, 26, 0, 3.1120238304138184e+00,
    222, 169, 0, 5.6946601867675781e+00, 223, 8, 0,
    5.3381338119506836e+00, 224, 29, 0, 2.6161401271820068e+00, 225, 30,
    0, 2.7509899139404297e+00, 226, 29, 0, 1.4593871831893921e+00, 227,
    30, 0, 1.7559239864349365e+00, 228, 56, 0, 2.8158495426177979e+00,
    229, 83, 0, 5.5348424911499023e+00, 230, 18, 0,
    5.0544958114624023e+00, 231, 38, 0, 3.2720727920532227e+00, 232, 168,
    0, 5.5004596710205078e+00, 233, 5, 0, 1.9733724594116211e+00, 234,
    17, 0, 5.7921209335327148e+00, 235, 17, 0, 5.6640534400939941e+00,
    236, 7, 0, 5.9164314270019531e+00, 237, 10, 0,
    5.6562199592590332e+00, 238, 168, 0, 5.5896310806274414e+00, 239,
    169, 0, 5.9436345100402832e+00, 240, 150, 0, 5.3877921104431152e+00,
    241, 8, 0, 5.5516533851623535e+00, 242, 145, 0,
    5.5528879165649414e+00, 243, 168, 0, 5.4320569038391113e+00, 244, 10,
    0, 4.4189043045043945e+00, 245, 18, 0, 5.7600336074829102e+00, 246,
