%YAML:1.0
Matches: [ 0, 207, 0, 4488., 1, 210, 0, 4635., 2, 4, 0, 5008., 3, 0, 0,
    5434., 4, 175, 0, 3171., 5, 28, 0, 3096., 6, 131, 0, 4529., 7, 164,
    0, 3770., 8, 6, 0, 2822., 9, 204, 0, 2905., 10, 17, 0, 5333., 11,
    142, 0, 3821., 12, 207, 0, 4526., 13, 198, 0, 3080., 14, 175, 0,
    2858., 15, 164, 0, 4984., 16, 195, 0, 4576., 17, 2, 0, 4128., 18, 49,
    0, 2614., 19, 148, 0, 5094., 20, 195, 0, 5209., 21, 195, 0, 6227.,
    22, 198, 0, 5683., 23, 164, 0, 5379., 24, 208, 0, 4607., 25, 114, 0,
    5274., 26, 166, 0, 5191., 27, 164, 0, 6357., 28, 161, 0, 3606., 29,
    45, 0, 4005., 30, 198, 0, 4374., 31, 199, 0, 4053., 32, 164, 0,
    5550., 33, 194, 0, 6601., 34, 164, 0, 6329., 35, 148, 0, 4850., 36,
    105, 0, 4306., 37, 175, 0, 3098., 38, 164, 0, 5776., 39, 149, 0,
    4031., 40, 25, 0, 4867., 41, 195, 0, 4438., 42, 26, 0, 4247., 43, 25,
    0, 5212., 44, 164, 0, 5551., 45, 149, 0, 4731., 46, 175, 0, 3462.,
    47, 195, 0, 5386., 48, 175, 0, 3745., 49, 26, 0, 4892., 50, 149, 0,
    5181., 51, 148, 0, 5784., 52, 175, 0, 3542., 53, 195, 0, 5092., 54,
    105, 0, 3635., 55, 166, 0, 4474., 56, 26, 0, 4429., 57, 194, 0,
    4444., 58, 186, 0, 4371., 59, 195, 0, 5601., 60, 195, 0, 5308., 61,
    189, 0, 4264., 62, 195, 0, 3513., 63, 107, 0, 4662., 64, 204, 0,
    6789., 65, 215, 0, 6935., 66, 164, 0, 5147., 67, 25, 0, 5466., 68,
    12, 0, 6029., 69, 195, 0, 3546., 70, 204, 0, 4331., 71, 195, 0,
    5556., 72, 25, 0, 5146., 73, 200, 0, 4639., 74, 198, 0, 4289., 75,
    148, 0, 5782., 76, 63, 0, 6210., 77, 194, 0, 6448., 78, 200, 0,
    4600., 79, 164, 0, 5189., 80, 104, 0, 5110., 81, 204, 0, 6156., 82,
    216, 0, 4703., 83, 207, 0, 3777., 84, 195, 0, 6871., 85, 210, 0,
    5239., 86, 195, 0, 5879., 87, 105, 0, 4967., 88, 148, 0, 5548., 89,
    195, 0, 4833., 90, 25, 0, 3995., 91, 195, 0, 4837., 92, 194, 0,
    4766., 93, 176, 0, 3777., 94, 204, 0, 4868., 95, 194, 0, 4677., 96,
    203, 0, 4024., 97, 194, 0, 4840., 98, 164, 0, 5147., 99, 164, 0,
    4601., 100, 9, 0, 3423., 101, 164, 0, 5278., 102, 195, 0, 4351., 103,
    164, 0, 5135., 104, 164, 0, 3728., 105, 203, 0, 4194., 106, 207, 0,
    3070., 107, 195, 0, 3849., 108, 198, 0, 4787., 109, 140, 0, 4475.,
    110, 205, 0, 5193., 111, 195, 0, 4317., 112, 4, 0, 4120., 113, 199,
    0, 4205., 114, 187, 0, 5384., 115, 149, 0, 2710., 116, 148, 0, 2511.,
    117, 148, 0, 4020., 118, 210, 0, 3910., 119, 63, 0, 4487., 120, 215,
    0, 5341., 121, 208, 0, 3565., 122, 155, 0, 4099., 123, 206, 0, 3686.,
    124, 199, 0, 5219., 125, 195, 0, 6038., 126, 195, 0, 5780., 127, 185,
    0, 4192., 128, 169, 0, 5112., 129, 124, 0, 4616., 130, 4, 0, 4749.,
    131, 194, 0, 4635., 132, 195, 0, 4603., 133, 149, 0, 5397., 134, 203,
    0, 4451., 135, 200, 0, 3337., 136, 164, 0, 4748., 137, 1, 0, 3514.,
    138, 164, 0, 5139., 139, 164, 0, 5084., 140, 198, 0, 5821., 141, 164,
    0, 4906., 142, 148, 0, 5522., 143, 164, 0, 5418., 144, 195, 0, 6001.,
    145, 24, 0, 4560., 146, 194, 0, 4542., 147, 201, 0, 4375., 148, 194,
    0, 5229., 149, 149, 0, 5267., 150, 149, 0, 4707., 151, 178, 0, 4548.,
    152, 107, 0, 4131., 153, 204, 0, 4490., 154, 216, 0, 4617., 155, 195,
    0, 4518., 156, 3, 0, 5332., 157, 164, 0, 5164., 158, 194, 0, 4985.,
    159, 164, 0, 4845., 160, 146, 0, 4953., 161, 8, 0, 3207., 162, 215,
    0, 5692., 163, 9, 0, 3849., 164, 148, 0, 6280., 165, 141, 0, 5371.,
    166, 2, 0, 4421., 167, 25, 0, 6459., 168, 195, 0, 6864., 169, 25, 0,
    6342., 170, 195, 0, 6680., 171, 195, 0, 5613., 172, 194, 0, 4293.,
    173, 199, 0, 4498., 174, 195, 0, 4219., 175, 195, 0, 4714., 176, 56,
    0, 4469., 177, 164, 0, 5639., 178, 205, 0, 4704., 179, 149, 0, 4829.,
    180, 25, 0, 4971., 181, 166, 0, 5425., 182, 149, 0, 2504., 183, 148,
    0, 2911., 184, 164, 0, 5660., 185, 158, 0, 4739., 186, 14, 0, 5510.,
    187, 81, 0, 5161., 188, 127, 0, 4130., 189, 5, 0, 4329., 190, 164, 0,
    5063., 191, 155, 0, 4073., 192, 58, 0, 4046., 193, 205, 0, 4918.,
    194, 58, 0, 5465., 195, 39, 0, 4846., 196, 195, 0, 6123., 197, 194,
    0, 5748., 198, 194, 0, 5705., 199, 124, 0, 4624., 200, 200, 0, 4827.,
    201, 63, 0, 3666., 202, 9, 0, 3431., 203, 172, 0, 3928., 204, 205, 0,
    4106., 205, 166, 0, 5072., 206, 22, 0, 3959., 207, 147, 0, 2624.,
    208, 206, 0, 5669., 209, 12, 0, 4930., 210, 207, 0, 5351., 211, 211,
    0, 5936., 212, 198, 0, 4960., 213, 25, 0, 4311., 214, 105, 0, 4567.,
    215, 0, 0, 4988., 216, 145, 0, 3558., 217, 151, 0, 2682., 218, 121,
    0, 2333., 219, 215, 0, 4379., 220, 147, 0, 4690., 221, 215, 0, 5079.,
    222, 216, 0, 3945., 223, 29, 0, 1537., 224, 189, 0, 4249., 225, 63,
    0, 4175., 226, 103, 0, 1574., 227, 103, 0, 1794., 228, 103, 0, 1007.,
    229, 103, 0, 827., 230, 100, 0, 2034., 231, 140, 0, 5724., 232, 194,
    0, 5396., 233, 185, 0, 2055., 234, 194, 0, 4227., 235, 31, 0, 1848.,
    236, 25, 0, 5063., 237, 104, 0, 5192., 238, 107, 0, 4890., 239, 198,
    0, 4400., 240, 198, 0, 4869., 241, 207, 0, 4883., 242, 198, 0, 5383.,
    243, 214, 0, 6165., 244, 11, 0, 4152., 245, 204, 0, 4282., 246, 173,
    0, 2643., 247, 195, 0, 4718., 248, 195, 0, 4790., 249, 194, 0, 6385.,
    250, 12, 0, 5771., 251, 102, 0, 5360., 252, 195, 0, 5026., 253, 25,
    0, 5889., 254, 27, 0, 4125., 255, 214, 0, 4945., 256, 149, 0, 5743.,
    257, 148, 0, 5544., 258, 156, 0, 5028., 259, 145, 0, 2280., 260, 31,
    0, 1148., 261, 201, 0, 5072., 262, 211, 0, 3667., 263, 90, 0, 2460.,
    264, 145, 0, 2429., 265, 198, 0, 4307., 266, 210, 0, 5109., 267, 194,
    0, 5530., 268, 195, 0, 5399., 269, 210, 0, 5185., 270, 195, 0, 5585.,
    271, 194, 0, 4501., 272, 216, 0, 4977., 273, 199, 0, 5778., 274, 195,
    0, 5375., 275, 151, 0, 2680., 276, 108, 0, 5380., 277, 173, 0, 4727.,
    278, 99, 0, 4945., 279, 164, 0, 4080., 280, 2, 0, 3664., 281, 147, 0,
    4100., 282, 195, 0, 4878., 283, 194, 0, 3853., 284, 194, 0, 5111.,
    285, 203, 0, 4002., 286, 149, 0, 4498., 287, 214, 0, 4715., 288, 194,
    0, 5548., 289, 195, 0, 4975., 290, 162, 0, 4141., 291, 1, 0, 3598.,
    292, 55, 0, 4710., 293, 169, 0, 4161., 294, 149, 0, 4630., 295, 195,
    0, 5077., 296, 208, 0, 3646., 297, 18, 0, 6624., 298, 0, 0, 5253.,
    299, 63, 0, 5267., 300, 103, 0, 4253., 301, 198, 0, 5124., 302, 31,
    0, 2376., 303, 195, 0, 5253., 304, 198, 0, 3773., 305, 195, 0, 6072.,
    306, 194, 0, 6358., 307, 145, 0, 3440., 308, 214, 0, 3050., 309, 195,
    0, 5658., 310, 26, 0, 3675., 311, 207, 0, 3660., 312, 159, 0, 4060.,
    313, 199, 0, 4159., 314, 69, 0, 3570., 315, 198, 0, 4404., 316, 200,
    0, 3942., 317, 215, 0, 5854., 318, 43, 0, 4798., 319, 12, 0, 4867.,
    320, 191, 0, 4446., 321, 77, 0, 4225., 322, 26, 0, 4553., 323, 9, 0,
    4171., 324, 194, 0, 6088., 325, 195, 0, 5763., 326, 149, 0, 4147.,
    327, 175, 0, 3584., 328, 149, 0, 4770., 329, 149, 0, 4575., 330, 0,
    0, 3779., 331, 25, 0, 4359., 332, 198, 0, 4633., 333, 1, 0, 3829.,
    334, 194, 0, 5526., 335, 195, 0, 5778., 336, 198, 0, 4835., 337, 4,
    0, 4538., 338, 149, 0, 5005., 339, 199, 0, 4236., 340, 198, 0, 4475.,
    341, 210, 0, 3960., 342, 107, 0, 4939., 343, 194, 0, 4739., 344, 4,
    0, 4254., 345, 104, 0, 4703., 346, 198, 0, 4049., 347, 173, 0, 4343.,
    348, 203, 0, 5109., 349, 195, 0, 5084., 350, 198, 0, 4998., 351, 195,
    0, 4502., 352, 195, 0, 5375., 353, 210, 0, 4788., 354, 26, 0, 5768.,
    355, 149, 0, 4755., 356, 4, 0, 4123., 357, 194, 0, 4145., 358, 195,
    0, 5001., 359, 203, 0, 3951., 360, 49, 0, 4762., 361, 107, 0, 6061.,
    362, 210, 0, 5238., 363, 25, 0, 4732., 364, 138, 0, 5139., 365, 2, 0,
    4703., 366, 195, 0, 3946., 367, 195, 0, 4653., 368, 173, 0, 5499.,
    369, 148, 0, 5929., 370, 145, 0, 1974., 371, 6, 0, 5730., 372, 101,
    0, 5881., 373, 26, 0, 3479., 374, 105, 0, 4073., 375, 25, 0, 5312.,
    376, 198, 0, 6219., 377, 81, 0, 4756., 378, 200, 0, 4312., 379, 216,
    0, 3636., 380, 216, 0, 4251., 381, 214, 0, 5663., 382, 216, 0, 5024.,
    383, 204, 0, 2766., 384, 54, 0, 2497., 385, 105, 0, 4314., 386, 107,
