%YAML:1.0
Matches: [ 0, 207, 0, 162., 1, 210, 0, 178., 2, 210, 0, 194., 3, 211, 0,
    201., 4, 35, 0, 129., 5, 59, 0, 129., 6, 155, 0, 170., 7, 164, 0,
    119., 8, 138, 0, 111., 9, 176, 0, 99., 10, 172, 0, 175., 11, 181, 0,
    137., 12, 207, 0, 155., 13, 158, 0, 118., 14, 175, 0, 106., 15, 164,
    0, 159., 16, 81, 0, 206., 17, 7, 0, 154., 18, 145, 0, 108., 19, 148,
    0, 177., 20, 164, 0, 176., 21, 148, 0, 238., 22, 148, 0, 222., 23,
    161, 0, 171., 24, 33, 0, 183., 25, 43, 0, 186., 26, 162, 0, 186., 27,
    155, 0, 203., 28, 13, 0, 143., 29, 116, 0, 169., 30, 161, 0, 176.,
    31, 124, 0, 170., 32, 161, 0, 189., 33, 149, 0, 216., 34, 161, 0,
    213., 35, 148, 0, 176., 36, 102, 0, 184., 37, 175, 0, 127., 38, 149,
    0, 202., 39, 149, 0, 151., 40, 25, 0, 191., 41, 194, 0, 181., 42,
    210, 0, 156., 43, 107, 0, 179., 44, 104, 0, 170., 45, 104, 0, 189.,
    46, 184, 0, 119., 47, 195, 0, 190., 48, 175, 0, 157., 49, 2, 0, 181.,
    50, 149, 0, 166., 51, 148, 0, 205., 52, 216, 0, 116., 53, 194, 0,
    175., 54, 0, 0, 157., 55, 166, 0, 162., 56, 149, 0, 178., 57, 195, 0,
    169., 58, 176, 0, 173., 59, 164, 0, 187., 60, 164, 0, 178., 61, 202,
    0, 180., 62, 195, 0, 165., 63, 2, 0, 199., 64, 106, 0, 253., 65, 207,
    0, 232., 66, 161, 0, 171., 67, 210, 0, 191., 68, 195, 0, 241., 69,
    195, 0, 180., 70, 173, 0, 185., 71, 195, 0, 192., 72, 26, 0, 212.,
    73, 198, 0, 183., 74, 198, 0, 129., 75, 207, 0, 227., 76, 211, 0,
    216., 77, 195, 0, 218., 78, 200, 0, 164., 79, 161, 0, 164., 80, 25,
    0, 201., 81, 173, 0, 228., 82, 163, 0, 179., 83, 207, 0, 160., 84,
    195, 0, 244., 85, 210, 0, 210., 86, 207, 0, 216., 87, 0, 0, 163., 88,
    124, 0, 202., 89, 149, 0, 176., 90, 172, 0, 157., 91, 207, 0, 195.,
    92, 149, 0, 167., 93, 2, 0, 150., 94, 25, 0, 161., 95, 149, 0, 177.,
    96, 215, 0, 162., 97, 195, 0, 196., 98, 164, 0, 172., 99, 164, 0,
    148., 100, 196, 0, 146., 101, 97, 0, 172., 102, 195, 0, 192., 103,
    161, 0, 155., 104, 164, 0, 123., 105, 197, 0, 147., 106, 207, 0,
    145., 107, 195, 0, 161., 108, 198, 0, 182., 109, 0, 0, 161., 110,
    118, 0, 185., 111, 104, 0, 186., 112, 175, 0, 172., 113, 194, 0,
    188., 114, 151, 0, 218., 115, 149, 0, 88., 116, 148, 0, 76., 117,
    148, 0, 183., 118, 210, 0, 161., 119, 111, 0, 172., 120, 191, 0,
    200., 121, 196, 0, 144., 122, 78, 0, 163., 123, 203, 0, 133., 124,
    198, 0, 192., 125, 149, 0, 202., 126, 195, 0, 197., 127, 185, 0,
    169., 128, 184, 0, 176., 129, 155, 0, 154., 130, 198, 0, 183., 131,
    194, 0, 176., 132, 195, 0, 186., 133, 161, 0, 173., 134, 53, 0, 170.,
    135, 26, 0, 147., 136, 161, 0, 180., 137, 0, 0, 137., 138, 161, 0,
    187., 139, 97, 0, 171., 140, 168, 0, 218., 141, 149, 0, 158., 142,
    47, 0, 209., 143, 161, 0, 182., 144, 194, 0, 198., 145, 194, 0, 179.,
    146, 195, 0, 162., 147, 25, 0, 195., 148, 183, 0, 214., 149, 149, 0,
    193., 150, 203, 0, 162., 151, 163, 0, 180., 152, 148, 0, 165., 153,
    149, 0, 178., 154, 216, 0, 180., 155, 148, 0, 216., 156, 3, 0, 192.,
    157, 161, 0, 175., 158, 195, 0, 197., 159, 161, 0, 177., 160, 173, 0,
    189., 161, 172, 0, 112., 162, 149, 0, 211., 163, 176, 0, 145., 164,
    191, 0, 250., 165, 207, 0, 198., 166, 2, 0, 174., 167, 216, 0, 251.,
    168, 148, 0, 245., 169, 211, 0, 229., 170, 210, 0, 232., 171, 195, 0,
    235., 172, 194, 0, 183., 173, 158, 0, 179., 174, 195, 0, 158., 175,
    26, 0, 181., 176, 169, 0, 156., 177, 161, 0, 184., 178, 208, 0, 180.,
    179, 149, 0, 174., 180, 91, 0, 189., 181, 215, 0, 187., 182, 149, 0,
    132., 183, 148, 0, 89., 184, 149, 0, 184., 185, 62, 0, 165., 186, 45,
    0, 213., 187, 62, 0, 195., 188, 158, 0, 159., 189, 126, 0, 175., 190,
    161, 0, 189., 191, 155, 0, 156., 192, 62, 0, 150., 193, 160, 0, 181.,
    194, 97, 0, 188., 195, 39, 0, 191., 196, 28, 0, 228., 197, 28, 0,
    240., 198, 194, 0, 218., 199, 124, 0, 142., 200, 198, 0, 176., 201,
    211, 0, 132., 202, 59, 0, 137., 203, 172, 0, 115., 204, 28, 0, 177.,
    205, 215, 0, 182., 206, 207, 0, 161., 207, 15, 0, 94., 208, 216, 0,
    211., 209, 210, 0, 187., 210, 207, 0, 191., 211, 211, 0, 213., 212,
    198, 0, 198., 213, 1, 0, 190., 214, 148, 0, 172., 215, 0, 0, 173.,
    216, 179, 0, 130., 217, 172, 0, 118., 218, 154, 0, 127., 219, 28, 0,
    176., 220, 102, 0, 201., 221, 192, 0, 159., 222, 201, 0, 153., 223,
    147, 0, 69., 224, 189, 0, 160., 225, 198, 0, 151., 226, 108, 0, 71.,
    227, 147, 0, 65., 228, 108, 0, 45., 229, 103, 0, 41., 230, 22, 0,
    77., 231, 158, 0, 205., 232, 191, 0, 193., 233, 185, 0, 86., 234,
    195, 0, 179., 235, 206, 0, 59., 236, 25, 0, 187., 237, 194, 0, 216.,
    238, 148, 0, 187., 239, 198, 0, 195., 240, 198, 0, 182., 241, 207, 0,
    209., 242, 149, 0, 224., 243, 199, 0, 215., 244, 165, 0, 169., 245,
    47, 0, 147., 246, 206, 0, 86., 247, 194, 0, 193., 248, 195, 0, 190.,
    249, 194, 0, 216., 250, 1, 0, 234., 251, 192, 0, 246., 252, 195, 0,
    207., 253, 1, 0, 195., 254, 2, 0, 159., 255, 1, 0, 193., 256, 1, 0,
    206., 257, 26, 0, 201., 258, 148, 0, 218., 259, 51, 0, 98., 260, 68,
    0, 50., 261, 189, 0, 189., 262, 215, 0, 127., 263, 208, 0, 94., 264,
    179, 0, 100., 265, 96, 0, 161., 266, 210, 0, 177., 267, 195, 0, 192.,
    268, 194, 0, 187., 269, 210, 0, 200., 270, 195, 0, 206., 271, 194, 0,
    183., 272, 210, 0, 180., 273, 194, 0, 202., 274, 194, 0, 196., 275,
    66, 0, 123., 276, 109, 0, 205., 277, 162, 0, 175., 278, 19, 0, 179.,
    279, 164, 0, 175., 280, 164, 0, 161., 281, 68, 0, 176., 282, 62, 0,
    185., 283, 194, 0, 164., 284, 195, 0, 195., 285, 192, 0, 166., 286,
    191, 0, 190., 287, 186, 0, 180., 288, 194, 0, 203., 289, 195, 0,
    174., 290, 13, 0, 166., 291, 164, 0, 136., 292, 172, 0, 182., 293,
    169, 0, 153., 294, 194, 0, 161., 295, 194, 0, 206., 296, 114, 0,
    137., 297, 211, 0, 226., 298, 4, 0, 189., 299, 173, 0, 212., 300,
    117, 0, 150., 301, 126, 0, 199., 302, 144, 0, 90., 303, 105, 0, 197.,
    304, 198, 0, 140., 305, 195, 0, 208., 306, 149, 0, 221., 307, 185, 0,
    157., 308, 17, 0, 129., 309, 195, 0, 205., 310, 188, 0, 132., 311,
    207, 0, 143., 312, 179, 0, 152., 313, 165, 0, 176., 314, 28, 0, 179.,
    315, 175, 0, 174., 316, 143, 0, 142., 317, 204, 0, 207., 318, 164, 0,
    182., 319, 12, 0, 170., 320, 197, 0, 154., 321, 43, 0, 172., 322,
    148, 0, 162., 323, 208, 0, 169., 324, 22, 0, 235., 325, 195, 0, 220.,
    326, 171, 0, 133., 327, 171, 0, 130., 328, 116, 0, 183., 329, 161, 0,
    175., 330, 205, 0, 156., 331, 163, 0, 186., 332, 130, 0, 172., 333,
    210, 0, 139., 334, 194, 0, 202., 335, 195, 0, 209., 336, 198, 0,
    159., 337, 194, 0, 171., 338, 149, 0, 203., 339, 198, 0, 158., 340,
    198, 0, 165., 341, 210, 0, 131., 342, 149, 0, 177., 343, 194, 0,
    183., 344, 4, 0, 179., 345, 104, 0, 198., 346, 198, 0, 195., 347,
    189, 0, 174., 348, 203, 0, 199., 349, 195, 0, 217., 350, 149, 0,
    219., 351, 198, 0, 176., 352, 195, 0, 188., 353, 198, 0, 172., 354,
    107, 0, 209., 355, 149, 0, 179., 356, 27, 0, 197., 357, 104, 0, 178.,
    358, 195, 0, 184., 359, 206, 0, 140., 360, 188, 0, 176., 361, 148, 0,
    224., 362, 148, 0, 201., 363, 175, 0, 188., 364, 203, 0, 170., 365,
    25, 0, 179., 366, 195, 0, 166., 367, 3, 0, 191., 368, 101, 0, 196.,
    369, 195, 0, 222., 370, 145, 0, 88., 371, 94, 0, 215., 372, 101, 0,
    197., 373, 197, 0, 164., 374, 0, 0, 163., 375, 148, 0, 225., 376,
    195, 0, 217., 377, 37, 0, 172., 378, 175, 0, 181., 379, 206, 0, 153.,
    380, 171, 0, 178., 381, 194, 0, 230., 382, 149, 0, 201., 383, 205, 0,
    84., 384, 61, 0, 107., 385, 0, 0, 164., 386, 148, 0, 211., 387, 104,
    0, 198., 388, 123, 0, 145., 389, 199, 0, 172., 390, 149, 0, 192.,
    391, 196, 0, 167., 392, 207, 0, 216., 393, 195, 0, 209., 394, 173, 0,
    194., 395, 26, 0, 188., 396, 171, 0, 185., 397, 2, 0, 182., 398, 194,
    0, 186., 399, 149, 0, 130., 400, 148, 0, 126., 401, 141, 0, 103.,
    402, 202, 0, 186., 403, 26, 0, 153., 404, 198, 0, 153., 405, 198, 0,
