%YAML:1.0
Matches: [ 0, 10, 0, 8.0150860595703125e+02, 1, 2, 0,
    7.7261505126953125e+02, 2, 2, 0, 8.1556854248046875e+02, 3, 2, 0,
    6.7748431396484375e+02, 4, 2, 0, 7.0506665039062500e+02, 5, 2, 0,
    6.7856689453125000e+02, 6, 2, 0, 6.2713238525390625e+02, 7, 2, 0,
    8.9488940429687500e+02, 8, 2, 0, 9.0213525390625000e+02, 9, 2, 0,
    9.0580517578125000e+02, 10, 2, 0, 8.9741241455078125e+02, 11, 2, 0,
    9.2115093994140625e+02, 12, 2, 0, 6.8110205078125000e+02, 13, 2, 0,
    8.5686462402343750e+02, 14, 3, 0, 6.6485864257812500e+02, 15, 4, 0,
    8.2055163574218750e+02, 16, 4, 0, 6.7064593505859375e+02, 17, 0, 0,
    8.0988269042968750e+02, 18, 2, 0, 7.4507714843750000e+02, 19, 2, 0,
    7.0699859619140625e+02, 20, 0, 0, 8.3287634277343750e+02, 21, 2, 0,
    7.3045056152343750e+02, 22, 2, 0, 6.5915704345703125e+02, 23, 2, 0,
    9.2860919189453125e+02, 24, 0, 0, 6.5043829345703125e+02, 25, 3, 0,
    7.6724249267578125e+02, 26, 0, 0, 7.6132452392578125e+02, 27, 1, 0,
    8.5200823974609375e+02, 28, 2, 0, 7.4206872558593750e+02, 29, 2, 0,
    8.8184808349609375e+02, 30, 2, 0, 8.7581506347656250e+02, 31, 2, 0,
    8.5183801269531250e+02, 32, 8, 0, 8.1367871093750000e+02, 33, 10, 0,
    8.6922033691406250e+02, 34, 2, 0, 1.1136884765625000e+03, 35, 2, 0,
    9.4415887451171875e+02, 36, 2, 0, 1.0788132324218750e+03, 37, 9, 0,
    1.0970756835937500e+03, 38, 10, 0, 7.5826049804687500e+02, 39, 2, 0,
    1.0886124267578125e+03, 40, 10, 0, 9.5997393798828125e+02, 41, 2, 0,
    9.8334686279296875e+02, 42, 2, 0, 9.5659136962890625e+02, 43, 2, 0,
    9.9189215087890625e+02, 44, 2, 0, 9.8054119873046875e+02, 45, 10, 0,
    9.2108685302734375e+02, 46, 7, 0, 8.3492034912109375e+02, 47, 3, 0,
    9.4445538330078125e+02, 48, 2, 0, 9.3668780517578125e+02, 49, 1, 0,
    9.8758795166015625e+02, 50, 2, 0, 8.7464794921875000e+02, 51, 10, 0,
    8.9979998779296875e+02, 52, 2, 0, 9.2262506103515625e+02, 53, 9, 0,
    9.8991259765625000e+02, 54, 2, 0, 8.1344885253906250e+02, 55, 2, 0,
    1.0281605224609375e+03, 56, 10, 0, 9.1092535400390625e+02, 57, 0, 0,
    9.8306561279296875e+02, 58, 8, 0, 9.8404168701171875e+02, 59, 2, 0,
    8.3433148193359375e+02, 60, 2, 0, 8.7968969726562500e+02, 61, 2, 0,
    8.6527917480468750e+02, 62, 2, 0, 8.9166137695312500e+02, 63, 3, 0,
    9.7921856689453125e+02, 64, 3, 0, 9.9564855957031250e+02, 65, 10, 0,
    1.0078968505859375e+03, 66, 2, 0, 9.1567407226562500e+02, 67, 0, 0,
    1.0258094482421875e+03, 68, 2, 0, 9.9939331054687500e+02, 69, 3, 0,
    8.6493524169921875e+02, 70, 9, 0, 9.5476330566406250e+02, 71, 2, 0,
    1.0874847412109375e+03, 72, 2, 0, 9.3833471679687500e+02, 73, 2, 0,
    9.4555169677734375e+02, 74, 2, 0, 8.6627423095703125e+02, 75, 0, 0,
    1.1120903320312500e+03, 76, 3, 0, 1.0776010742187500e+03, 77, 2, 0,
    7.9629895019531250e+02, 78, 7, 0, 9.2027716064453125e+02, 79, 9, 0,
    9.3375585937500000e+02, 80, 9, 0, 8.6704327392578125e+02, 81, 2, 0,
    9.0753680419921875e+02, 82, 2, 0, 8.8840252685546875e+02, 83, 3, 0,
    1.0446478271484375e+03, 84, 2, 0, 1.0048850708007813e+03, 85, 2, 0,
    9.0722875976562500e+02, 86, 2, 0, 8.6942913818359375e+02, 87, 2, 0,
    8.3052154541015625e+02, 88, 3, 0, 7.9899560546875000e+02, 89, 10, 0,
    8.8305999755859375e+02, 90, 7, 0, 8.6257519531250000e+02, 91, 2, 0,
    9.2881750488281250e+02, 92, 2, 0, 8.4079010009765625e+02, 93, 2, 0,
    8.3020416259765625e+02, 94, 2, 0, 9.4195062255859375e+02, 95, 2, 0,
    8.3704541015625000e+02, 96, 8, 0, 9.0576263427734375e+02, 97, 3, 0,
    6.7086212158203125e+02, 98, 1, 0, 9.9906909179687500e+02, 99, 10, 0,
    1.1154255371093750e+03, 100, 2, 0, 1.1018956298828125e+03, 101, 10,
    0, 9.7148852539062500e+02, 102, 2, 0, 7.8914196777343750e+02, 103,
    10, 0, 9.1579034423828125e+02, 104, 10, 0, 6.6606683349609375e+02,
    105, 2, 0, 1.0275922851562500e+03, 106, 10, 0,
    9.4426849365234375e+02, 107, 2, 0, 1.0021427001953125e+03, 108, 0, 0,
    9.6587524414062500e+02, 109, 3, 0, 9.1276556396484375e+02, 110, 2, 0,
    7.5947418212890625e+02, 111, 10, 0, 1.0375968017578125e+03, 112, 0,
    0, 9.5157763671875000e+02, 113, 2, 0, 9.7865875244140625e+02, 114, 2,
    0, 7.7839001464843750e+02, 115, 8, 0, 1.0105795288085938e+03, 116, 2,
    0, 9.3807250976562500e+02, 117, 2, 0, 1.0723991699218750e+03, 118, 2,
    0, 8.5618103027343750e+02, 119, 2, 0, 7.5867974853515625e+02, 120,
    10, 0, 8.8105731201171875e+02, 121, 2, 0, 8.8198242187500000e+02,
    122, 10, 0, 1022., 123, 2, 0, 1.0168524780273438e+03, 124, 7, 0,
    9.7528253173828125e+02, 125, 2, 0, 9.2127630615234375e+02, 126, 2, 0,
    1.0553905029296875e+03, 127, 8, 0, 9.9632928466796875e+02, 128, 2, 0,
    8.5837170410156250e+02, 129, 2, 0, 8.2982647705078125e+02, 130, 10,
    0, 8.6259667968750000e+02, 131, 8, 0, 1.0440129394531250e+03, 132, 2,
    0, 9.6354919433593750e+02, 133, 2, 0, 9.0823895263671875e+02, 134, 8,
    0, 9.5770922851562500e+02, 135, 2, 0, 9.2807006835937500e+02, 136, 2,
    0, 9.0333435058593750e+02, 137, 0, 0, 7.8956317138671875e+02, 138, 2,
    0, 8.1655126953125000e+02, 139, 2, 0, 1.0830904541015625e+03, 140, 8,
    0, 1.0724104003906250e+03, 141, 2, 0, 1.0272214355468750e+03, 142, 4,
    0, 9.8060388183593750e+02, 143, 0, 0, 9.8467712402343750e+02, 144, 2,
    0, 7.9487170410156250e+02, 145, 9, 0, 9.2610583496093750e+02, 146, 9,
    0, 9.0555841064453125e+02, 147, 10, 0, 9.6524450683593750e+02, 148,
    2, 0, 9.6371105957031250e+02, 149, 2, 0, 9.8984594726562500e+02, 150,
    2, 0, 9.5111462402343750e+02, 151, 10, 0, 8.4372741699218750e+02,
    152, 2, 0, 7.8643945312500000e+02, 153, 9, 0, 8.6538317871093750e+02,
    154, 4, 0, 1.0409073486328125e+03, 155, 0, 0, 8.0955419921875000e+02,
    156, 3, 0, 9.5036413574218750e+02, 157, 10, 0,
    8.9842974853515625e+02, 158, 10, 0, 9.4942822265625000e+02, 159, 2,
    0, 7.2673242187500000e+02, 160, 9, 0, 9.3296838378906250e+02, 161,
    10, 0, 9.2123992919921875e+02, 162, 2, 0, 1.0165352783203125e+03,
    163, 2, 0, 8.9770092773437500e+02, 164, 10, 0,
    9.6785278320312500e+02, 165, 2, 0, 8.9151727294921875e+02, 166, 4, 0,
    6.2493200683593750e+02, 167, 5, 0, 9.8827172851562500e+02, 168, 2, 0,
    8.4403613281250000e+02, 169, 10, 0, 9.3582531738281250e+02, 170, 4,
    0, 6.1510485839843750e+02, 171, 3, 0, 4.9985198974609375e+02, 172, 9,
    0, 9.0689306640625000e+02, 173, 2, 0, 8.8375903320312500e+02, 174,
    10, 0, 9.3116540527343750e+02, 175, 2, 0, 9.4088684082031250e+02,
    176, 1, 0, 9.4344317626953125e+02, 177, 1, 0, 9.4667736816406250e+02,
    178, 3, 0, 8.2912908935546875e+02, 179, 3, 0, 9.6648022460937500e+02,
    180, 2, 0, 9.7385882568359375e+02, 181, 9, 0, 7.9808142089843750e+02,
    182, 0, 0, 8.9518878173828125e+02, 183, 1, 0, 9.6118157958984375e+02,
    184, 2, 0, 1.0079841308593750e+03, 185, 3, 0, 8.1294708251953125e+02,
    186, 9, 0, 8.9583929443359375e+02, 187, 0, 0, 1.0890661621093750e+03,
    188, 1, 0, 9.8421795654296875e+02, 189, 0, 0, 9.0359503173828125e+02,
    190, 0, 0, 1.0672628173828125e+03, 191, 3, 0, 8.2333288574218750e+02,
    192, 8, 0, 8.0330688476562500e+02, 193, 2, 0, 9.3588031005859375e+02,
    194, 10, 0, 8.9247686767578125e+02, 195, 10, 0,
    1.0360800781250000e+03, 196, 2, 0, 1.0192639770507813e+03, 197, 2, 0,
    8.9154754638671875e+02, 198, 2, 0, 9.4843133544921875e+02, 199, 2, 0,
    8.8261206054687500e+02, 200, 0, 0, 9.3213787841796875e+02, 201, 2, 0,
    9.7373406982421875e+02, 202, 2, 0, 1.0336885986328125e+03, 203, 2, 0,
    8.2453198242187500e+02, 204, 0, 0, 9.8174334716796875e+02, 205, 2, 0,
    1.0204817504882813e+03, 206, 10, 0, 1.0123912353515625e+03, 207, 1,
    0, 8.8133764648437500e+02, 208, 2, 0, 8.7289172363281250e+02, 209, 2,
    0, 1.0118497924804688e+03, 210, 0, 0, 9.8013775634765625e+02, 211, 2,
    0, 8.7397595214843750e+02, 212, 2, 0, 7.9385577392578125e+02, 213, 2,
    0, 9.0009942626953125e+02, 214, 2, 0, 9.7120697021484375e+02, 215, 2,
    0, 1.0908212890625000e+03, 216, 10, 0, 9.7060546875000000e+02, 217,
