%YAML:1.0
Matches: [ 0, 10, 0, 156., 1, 2, 0, 144., 2, 2, 0, 151., 3, 2, 0, 123.,
    4, 2, 0, 134., 5, 2, 0, 114., 6, 2, 0, 124., 7, 10, 0, 174., 8, 2, 0,
    196., 9, 10, 0, 180., 10, 9, 0, 174., 11, 2, 0, 206., 12, 2, 0, 131.,
    13, 2, 0, 189., 14, 4, 0, 111., 15, 2, 0, 170., 16, 4, 0, 130., 17,
    1, 0, 152., 18, 2, 0, 155., 19, 2, 0, 118., 20, 0, 0, 159., 21, 2, 0,
    146., 22, 2, 0, 149., 23, 2, 0, 205., 24, 4, 0, 141., 25, 3, 0, 144.,
    26, 0, 0, 139., 27, 3, 0, 152., 28, 2, 0, 131., 29, 2, 0, 179., 30,
    2, 0, 179., 31, 2, 0, 191., 32, 0, 0, 148., 33, 9, 0, 153., 34, 3, 0,
    270., 35, 2, 0, 209., 36, 2, 0, 241., 37, 2, 0, 244., 38, 10, 0,
    149., 39, 2, 0, 267., 40, 10, 0, 196., 41, 2, 0, 213., 42, 6, 0,
    201., 43, 2, 0, 233., 44, 2, 0, 215., 45, 10, 0, 192., 46, 7, 0,
    197., 47, 3, 0, 196., 48, 2, 0, 203., 49, 1, 0, 219., 50, 2, 0, 180.,
    51, 10, 0, 189., 52, 7, 0, 214., 53, 7, 0, 203., 54, 2, 0, 203., 55,
    4, 0, 247., 56, 9, 0, 186., 57, 4, 0, 244., 58, 9, 0, 217., 59, 10,
    0, 149., 60, 9, 0, 177., 61, 0, 0, 199., 62, 3, 0, 191., 63, 3, 0,
    211., 64, 5, 0, 208., 65, 10, 0, 202., 66, 4, 0, 213., 67, 9, 0,
    230., 68, 2, 0, 231., 69, 3, 0, 182., 70, 4, 0, 174., 71, 2, 0, 251.,
    72, 2, 0, 176., 73, 2, 0, 200., 74, 2, 0, 196., 75, 0, 0, 233., 76,
    1, 0, 230., 77, 2, 0, 167., 78, 7, 0, 211., 79, 3, 0, 185., 80, 9, 0,
    178., 81, 0, 0, 187., 82, 2, 0, 163., 83, 4, 0, 238., 84, 9, 0, 222.,
    85, 0, 0, 185., 86, 2, 0, 195., 87, 2, 0, 190., 88, 3, 0, 162., 89,
    10, 0, 197., 90, 3, 0, 193., 91, 2, 0, 200., 92, 2, 0, 166., 93, 10,
    0, 173., 94, 2, 0, 204., 95, 2, 0, 197., 96, 8, 0, 193., 97, 2, 0,
    117., 98, 1, 0, 216., 99, 3, 0, 257., 100, 0, 0, 250., 101, 10, 0,
    207., 102, 2, 0, 146., 103, 10, 0, 190., 104, 10, 0, 103., 105, 2, 0,
    237., 106, 10, 0, 174., 107, 2, 0, 201., 108, 10, 0, 219., 109, 1, 0,
    210., 110, 2, 0, 143., 111, 10, 0, 230., 112, 2, 0, 203., 113, 7, 0,
    207., 114, 2, 0, 143., 115, 8, 0, 221., 116, 2, 0, 191., 117, 0, 0,
    240., 118, 6, 0, 200., 119, 2, 0, 170., 120, 10, 0, 183., 121, 2, 0,
    197., 122, 10, 0, 204., 123, 2, 0, 223., 124, 3, 0, 186., 125, 2, 0,
    204., 126, 2, 0, 242., 127, 0, 0, 215., 128, 10, 0, 152., 129, 9, 0,
    156., 130, 10, 0, 184., 131, 4, 0, 239., 132, 9, 0, 188., 133, 2, 0,
    179., 134, 4, 0, 192., 135, 2, 0, 190., 136, 4, 0, 186., 137, 5, 0,
    158., 138, 4, 0, 161., 139, 4, 0, 236., 140, 5, 0, 220., 141, 2, 0,
    239., 142, 0, 0, 199., 143, 5, 0, 197., 144, 2, 0, 153., 145, 3, 0,
    204., 146, 2, 0, 187., 147, 10, 0, 212., 148, 2, 0, 225., 149, 2, 0,
    224., 150, 2, 0, 202., 151, 5, 0, 162., 152, 2, 0, 172., 153, 9, 0,
    189., 154, 1, 0, 226., 155, 4, 0, 168., 156, 3, 0, 207., 157, 10, 0,
    168., 158, 1, 0, 215., 159, 2, 0, 141., 160, 9, 0, 193., 161, 1, 0,
    219., 162, 2, 0, 244., 163, 2, 0, 189., 164, 2, 0, 203., 165, 2, 0,
    212., 166, 4, 0, 104., 167, 10, 0, 209., 168, 2, 0, 182., 169, 10, 0,
    164., 170, 4, 0, 91., 171, 1, 0, 64., 172, 10, 0, 170., 173, 9, 0,
    156., 174, 7, 0, 202., 175, 3, 0, 191., 176, 1, 0, 219., 177, 3, 0,
    194., 178, 3, 0, 172., 179, 1, 0, 191., 180, 3, 0, 201., 181, 2, 0,
    175., 182, 3, 0, 168., 183, 1, 0, 207., 184, 4, 0, 227., 185, 6, 0,
    173., 186, 2, 0, 161., 187, 0, 0, 222., 188, 1, 0, 195., 189, 4, 0,
    223., 190, 5, 0, 236., 191, 2, 0, 157., 192, 2, 0, 154., 193, 10, 0,
    180., 194, 8, 0, 169., 195, 10, 0, 221., 196, 10, 0, 223., 197, 2, 0,
    198., 198, 2, 0, 203., 199, 10, 0, 187., 200, 1, 0, 199., 201, 2, 0,
    210., 202, 2, 0, 225., 203, 2, 0, 158., 204, 1, 0, 205., 205, 10, 0,
    212., 206, 10, 0, 225., 207, 1, 0, 191., 208, 2, 0, 203., 209, 2, 0,
    217., 210, 0, 0, 225., 211, 2, 0, 218., 212, 5, 0, 180., 213, 2, 0,
    204., 214, 2, 0, 216., 215, 5, 0, 227., 216, 10, 0, 218., 217, 4, 0,
    233., 218, 4, 0, 184., 219, 2, 0, 244., 220, 2, 0, 241., 221, 2, 0,
    158., 222, 1, 0, 225., 223, 8, 0, 221., 224, 2, 0, 153., 225, 2, 0,
    178., 226, 4, 0, 226., 227, 10, 0, 235., 228, 0, 0, 227., 229, 10, 0,
    212., 230, 2, 0, 160., 231, 2, 0, 187., 232, 4, 0, 196., 233, 2, 0,
    198., 234, 10, 0, 205., 235, 7, 0, 194., 236, 2, 0, 156., 237, 2, 0,
    204., 238, 2, 0, 165., 239, 2, 0, 170., 240, 2, 0, 166., 241, 2, 0,
    202., 242, 2, 0, 159., 243, 3, 0, 208., 244, 2, 0, 195., 245, 2, 0,
    182., 246, 2, 0, 181., 247, 2, 0, 197., 248, 9, 0, 212., 249, 2, 0,
    209., 250, 10, 0, 215., 251, 2, 0, 135., 252, 2, 0, 178., 253, 3, 0,
    246., 254, 2, 0, 151., 255, 7, 0, 191., 256, 10, 0, 232., 257, 10, 0,
    205., 258, 6, 0, 169., 259, 10, 0, 181., 260, 4, 0, 194., 261, 8, 0,
    215., 262, 2, 0, 196., 263, 3, 0, 237., 264, 2, 0, 184., 265, 3, 0,
    267., 266, 5, 0, 242., 267, 3, 0, 242., 268, 10, 0, 206., 269, 5, 0,
    241., 270, 10, 0, 238., 271, 2, 0, 130., 272, 9, 0, 175., 273, 10, 0,
    188., 274, 8, 0, 188., 275, 10, 0, 206., 276, 3, 0, 196., 277, 4, 0,
    207., 278, 10, 0, 205., 279, 7, 0, 196., 280, 10, 0, 185., 281, 2, 0,
    191., 282, 2, 0, 196., 283, 2, 0, 202., 284, 0, 0, 57., 285, 4, 0,
    233., 286, 3, 0, 77., 287, 0, 0, 63., 288, 4, 0, 251., 289, 5, 0,
    194., 290, 2, 0, 230., 291, 10, 0, 190., 292, 4, 0, 182., 293, 4, 0,
    207., 294, 4, 0, 197., 295, 10, 0, 185., 296, 10, 0, 203., 297, 3, 0,
    221., 298, 10, 0, 248., 299, 0, 0, 256., 300, 2, 0, 232., 301, 2, 0,
    176., 302, 0, 0, 268., 303, 3, 0, 245., 304, 0, 0, 214., 305, 2, 0,
    177., 306, 2, 0, 138., 307, 0, 0, 168., 308, 2, 0, 135., 309, 2, 0,
    130., 310, 2, 0, 130., 311, 2, 0, 181., 312, 1, 0, 179., 313, 2, 0,
    140., 314, 2, 0, 167., 315, 2, 0, 143., 316, 2, 0, 134., 317, 2, 0,
    133., 318, 0, 0, 106., 319, 0, 0, 123., 320, 2, 0, 172., 321, 2, 0,
    213., 322, 2, 0, 202., 323, 2, 0, 242., 324, 2, 0, 161., 325, 2, 0,
    227., 326, 1, 0, 272., 327, 2, 0, 178., 328, 2, 0, 167., 329, 2, 0,
    151., 330, 9, 0, 134., 331, 2, 0, 173., 332, 10, 0, 180., 333, 2, 0,
    185., 334, 2, 0, 133., 335, 2, 0, 133., 336, 2, 0, 208., 337, 2, 0,
    211., 338, 2, 0, 205., 339, 10, 0, 154., 340, 2, 0, 216., 341, 2, 0,
    241., 342, 2, 0, 199., 343, 2, 0, 170., 344, 1, 0, 245., 345, 2, 0,
    193., 346, 10, 0, 191., 347, 5, 0, 228., 348, 2, 0, 209., 349, 2, 0,
    215., 350, 2, 0, 194., 351, 9, 0, 197., 352, 6, 0, 201., 353, 5, 0,
    207., 354, 2, 0, 241., 355, 2, 0, 182., 356, 2, 0, 165., 357, 0, 0,
    254., 358, 5, 0, 183., 359, 1, 0, 198., 360, 3, 0, 219., 361, 10, 0,
    185., 362, 3, 0, 226., 363, 0, 0, 214., 364, 8, 0, 185., 365, 2, 0,
    175., 366, 1, 0, 114., 367, 10, 0, 251., 368, 4, 0, 200., 369, 2, 0,
    223., 370, 2, 0, 148., 371, 2, 0, 229., 372, 10, 0, 208., 373, 2, 0,
    206., 374, 2, 0, 220., 375, 2, 0, 179., 376, 2, 0, 175., 377, 10, 0,
    215., 378, 6, 0, 180., 379, 10, 0, 195., 380, 6, 0, 192., 381, 3, 0,
    190., 382, 5, 0, 197., 383, 10, 0, 156., 384, 3, 0, 210., 385, 4, 0,
    175., 386, 10, 0, 175., 387, 10, 0, 204., 388, 4, 0, 205., 389, 4, 0,
    239., 390, 2, 0, 212., 391, 2, 0, 165., 392, 9, 0, 217., 393, 2, 0,
    221., 394, 7, 0, 144., 395, 3, 0, 90., 396, 10, 0, 211., 397, 10, 0,
    214., 398, 2, 0, 209., 399, 7, 0, 216., 400, 5, 0, 209., 401, 3, 0,
    149., 402, 3, 0, 174., 403, 0, 0, 213., 404, 10, 0, 198., 405, 1, 0,
    196., 406, 2, 0, 170., 407, 5, 0, 210., 408, 2, 0, 200., 409, 2, 0,
    205., 410, 2, 0, 180., 411, 2, 0, 233., 412, 2, 0, 156., 413, 6, 0,
    162., 414, 7, 0, 200., 415, 9, 0, 218., 416, 10, 0, 185., 417, 8, 0,
    190., 418, 2, 0, 232., 419, 2, 0, 215., 420, 7, 0, 195., 421, 10, 0,
    178., 422, 3, 0, 173., 423, 0, 0, 204., 424, 2, 0, 189., 425, 7, 0,
    205., 426, 2, 0, 212., 427, 7, 0, 214., 428, 3, 0, 265., 429, 2, 0,
    172., 430, 8, 0, 184., 431, 6, 0, 182., 432, 2, 0, 119., 433, 2, 0,
    129., 434, 6, 0, 215., 435, 8, 0, 211., 436, 2, 0, 210., 437, 4, 0,
    236., 438, 10, 0, 222., 439, 7, 0, 206., 440, 4, 0, 242., 441, 3, 0,
    165., 442, 0, 0, 108., 443, 2, 0, 229., 444, 2, 0, 211., 445, 5, 0,
