%YAML:1.0
Matches: [ 0, 10, 0, 4296., 1, 2, 0, 4154., 2, 2, 0, 4334., 3, 2, 0,
    3295., 4, 2, 0, 3663., 5, 2, 0, 3401., 6, 2, 0, 3227., 7, 2, 0,
    5245., 8, 2, 0, 5342., 9, 10, 0, 5230., 10, 2, 0, 5069., 11, 2, 0,
    5643., 12, 2, 0, 3656., 13, 2, 0, 4983., 14, 3, 0, 3371., 15, 4, 0,
    4603., 16, 0, 0, 3502., 17, 0, 0, 4132., 18, 0, 0, 4286., 19, 2, 0,
    3789., 20, 0, 0, 4533., 21, 2, 0, 3852., 22, 2, 0, 3780., 23, 2, 0,
    5715., 24, 0, 0, 3434., 25, 3, 0, 3827., 26, 0, 0, 3967., 27, 1, 0,
    4428., 28, 2, 0, 3982., 29, 2, 0, 5290., 30, 2, 0, 5078., 31, 2, 0,
    4956., 32, 0, 0, 4143., 33, 10, 0, 4748., 34, 2, 0, 7290., 35, 2, 0,
    6076., 36, 1, 0, 6878., 37, 9, 0, 6945., 38, 10, 0, 4001., 39, 2, 0,
    6715., 40, 10, 0, 5850., 41, 2, 0, 6077., 42, 2, 0, 6109., 43, 2, 0,
    6358., 44, 2, 0, 6309., 45, 10, 0, 5227., 46, 7, 0, 4780., 47, 3, 0,
    5410., 48, 2, 0, 5664., 49, 1, 0, 5852., 50, 2, 0, 5129., 51, 10, 0,
    5150., 52, 4, 0, 5713., 53, 7, 0, 5923., 54, 2, 0, 5033., 55, 0, 0,
    6640., 56, 2, 0, 5070., 57, 0, 0, 5884., 58, 8, 0, 6062., 59, 10, 0,
    4734., 60, 2, 0, 5382., 61, 2, 0, 5292., 62, 2, 0, 5480., 63, 3, 0,
    5975., 64, 3, 0, 6030., 65, 10, 0, 5928., 66, 2, 0, 5687., 67, 0, 0,
    6363., 68, 10, 0, 6388., 69, 3, 0, 4899., 70, 4, 0, 5579., 71, 2, 0,
    6943., 72, 3, 0, 5426., 73, 2, 0, 5674., 74, 2, 0, 5175., 75, 0, 0,
    7221., 76, 3, 0, 6602., 77, 2, 0, 4386., 78, 7, 0, 5576., 79, 9, 0,
    5482., 80, 9, 0, 4872., 81, 2, 0, 5591., 82, 2, 0, 5145., 83, 3, 0,
    6473., 84, 3, 0, 6254., 85, 2, 0, 5504., 86, 2, 0, 5207., 87, 2, 0,
    4946., 88, 3, 0, 4318., 89, 10, 0, 5329., 90, 7, 0, 5284., 91, 2, 0,
    5726., 92, 2, 0, 4818., 93, 2, 0, 4813., 94, 2, 0, 5515., 95, 2, 0,
    4843., 96, 8, 0, 5446., 97, 1, 0, 3308., 98, 8, 0, 6131., 99, 10, 0,
    6978., 100, 2, 0, 7126., 101, 10, 0, 5854., 102, 2, 0, 4369., 103,
    10, 0, 5010., 104, 10, 0, 2953., 105, 10, 0, 6323., 106, 10, 0,
    5163., 107, 2, 0, 5814., 108, 3, 0, 5659., 109, 3, 0, 5421., 110, 2,
    0, 4261., 111, 10, 0, 6189., 112, 0, 0, 5464., 113, 4, 0, 5845., 114,
    2, 0, 4423., 115, 8, 0, 5753., 116, 3, 0, 5518., 117, 0, 0, 6348.,
    118, 2, 0, 5230., 119, 2, 0, 4537., 120, 10, 0, 4888., 121, 2, 0,
    5253., 122, 10, 0, 6028., 123, 2, 0, 6059., 124, 3, 0, 5684., 125, 2,
    0, 5516., 126, 2, 0, 6885., 127, 8, 0, 6126., 128, 10, 0, 4875., 129,
    2, 0, 4822., 130, 10, 0, 4959., 131, 4, 0, 6383., 132, 9, 0, 5773.,
    133, 2, 0, 5160., 134, 8, 0, 5571., 135, 3, 0, 5902., 136, 2, 0,
    5655., 137, 0, 0, 4418., 138, 2, 0, 4658., 139, 2, 0, 6905., 140, 0,
    0, 6606., 141, 2, 0, 6748., 142, 4, 0, 5964., 143, 0, 0, 5837., 144,
    2, 0, 4301., 145, 9, 0, 5218., 146, 9, 0, 5450., 147, 8, 0, 5936.,
    148, 2, 0, 6027., 149, 2, 0, 6163., 150, 2, 0, 5839., 151, 3, 0,
    4807., 152, 2, 0, 4695., 153, 9, 0, 5190., 154, 4, 0, 6272., 155, 0,
    0, 4468., 156, 3, 0, 5616., 157, 10, 0, 4976., 158, 10, 0, 5920.,
    159, 2, 0, 4054., 160, 9, 0, 5436., 161, 10, 0, 5749., 162, 2, 0,
    6352., 163, 2, 0, 5229., 164, 2, 0, 5854., 165, 2, 0, 5661., 166, 4,
    0, 2894., 167, 5, 0, 5787., 168, 2, 0, 5035., 169, 10, 0, 5329., 170,
    4, 0, 2494., 171, 3, 0, 1770., 172, 9, 0, 5109., 173, 9, 0, 4740.,
    174, 1, 0, 5686., 175, 3, 0, 5686., 176, 3, 0, 5591., 177, 1, 0,
    5766., 178, 3, 0, 4559., 179, 3, 0, 5764., 180, 2, 0, 6101., 181, 9,
    0, 4672., 182, 3, 0, 5109., 183, 1, 0, 5600., 184, 4, 0, 6336., 185,
    3, 0, 4591., 186, 9, 0, 5078., 187, 0, 0, 6579., 188, 1, 0, 6047.,
    189, 0, 0, 5248., 190, 5, 0, 6622., 191, 3, 0, 4559., 192, 0, 0,
    4398., 193, 2, 0, 5832., 194, 10, 0, 5235., 195, 10, 0, 6280., 196,
    2, 0, 6505., 197, 2, 0, 5403., 198, 2, 0, 5662., 199, 2, 0, 5312.,
    200, 0, 0, 5299., 201, 2, 0, 5848., 202, 2, 0, 6606., 203, 2, 0,
    4771., 204, 0, 0, 5936., 205, 10, 0, 6320., 206, 10, 0, 5886., 207,
    0, 0, 5030., 208, 2, 0, 5404., 209, 2, 0, 6166., 210, 0, 0, 5864.,
    211, 2, 0, 5496., 212, 2, 0, 4521., 213, 3, 0, 5431., 214, 2, 0,
    5965., 215, 5, 0, 6847., 216, 10, 0, 5779., 217, 2, 0, 6899., 218, 4,
    0, 5004., 219, 2, 0, 5819., 220, 2, 0, 6255., 221, 2, 0, 5315., 222,
    3, 0, 6265., 223, 5, 0, 5888., 224, 0, 0, 4393., 225, 2, 0, 5313.,
    226, 2, 0, 5468., 227, 2, 0, 7355., 228, 2, 0, 5632., 229, 10, 0,
    6156., 230, 2, 0, 4971., 231, 2, 0, 5261., 232, 5, 0, 5833., 233, 2,
    0, 5492., 234, 2, 0, 5891., 235, 10, 0, 5117., 236, 2, 0, 4662., 237,
    3, 0, 5674., 238, 2, 0, 4320., 239, 0, 0, 4967., 240, 2, 0, 4522.,
    241, 2, 0, 6025., 242, 2, 0, 4611., 243, 3, 0, 5711., 244, 2, 0,
    5359., 245, 2, 0, 4529., 246, 2, 0, 4885., 247, 2, 0, 5567., 248, 2,
    0, 5787., 249, 2, 0, 5553., 250, 2, 0, 5617., 251, 2, 0, 3999., 252,
    2, 0, 4928., 253, 3, 0, 6615., 254, 2, 0, 4323., 255, 2, 0, 5733.,
    256, 10, 0, 6482., 257, 2, 0, 6335., 258, 2, 0, 4997., 259, 10, 0,
    5313., 260, 0, 0, 5350., 261, 8, 0, 5920., 262, 2, 0, 5536., 263, 3,
    0, 5627., 264, 2, 0, 5357., 265, 2, 0, 7487., 266, 2, 0, 6868., 267,
    2, 0, 6272., 268, 2, 0, 5713., 269, 2, 0, 6832., 270, 3, 0, 6164.,
    271, 2, 0, 3769., 272, 9, 0, 5049., 273, 3, 0, 5525., 274, 8, 0,
    5303., 275, 10, 0, 6213., 276, 9, 0, 5260., 277, 7, 0, 4999., 278,
    10, 0, 5721., 279, 7, 0, 4842., 280, 10, 0, 5515., 281, 2, 0, 5239.,
    282, 2, 0, 5600., 283, 2, 0, 5348., 284, 0, 0, 1652., 285, 8, 0,
    6272., 286, 3, 0, 2294., 287, 1, 0, 2467., 288, 8, 0, 6470., 289, 5,
    0, 5754., 290, 2, 0, 6425., 291, 2, 0, 5636., 292, 8, 0, 5029., 293,
    10, 0, 5451., 294, 0, 0, 5153., 295, 10, 0, 5291., 296, 7, 0, 5891.,
    297, 2, 0, 5703., 298, 2, 0, 6306., 299, 0, 0, 7103., 300, 2, 0,
    6164., 301, 2, 0, 4785., 302, 2, 0, 7796., 303, 3, 0, 6871., 304, 0,
    0, 6264., 305, 2, 0, 5201., 306, 2, 0, 4240., 307, 2, 0, 4830., 308,
    2, 0, 3904., 309, 2, 0, 3991., 310, 2, 0, 3942., 311, 0, 0, 5602.,
    312, 3, 0, 5196., 313, 2, 0, 3726., 314, 2, 0, 4681., 315, 2, 0,
    3730., 316, 2, 0, 4337., 317, 2, 0, 3867., 318, 0, 0, 2280., 319, 0,
    0, 3187., 320, 2, 0, 4666., 321, 2, 0, 6205., 322, 2, 0, 5683., 323,
    2, 0, 6105., 324, 2, 0, 4657., 325, 2, 0, 5717., 326, 1, 0, 6865.,
    327, 2, 0, 5177., 328, 2, 0, 4881., 329, 2, 0, 4983., 330, 9, 0,
    4371., 331, 2, 0, 5037., 332, 10, 0, 5055., 333, 2, 0, 5535., 334, 2,
    0, 3790., 335, 2, 0, 3861., 336, 2, 0, 5767., 337, 2, 0, 5825., 338,
    2, 0, 5619., 339, 10, 0, 4902., 340, 2, 0, 5748., 341, 2, 0, 6675.,
    342, 2, 0, 5800., 343, 2, 0, 4820., 344, 0, 0, 6869., 345, 2, 0,
    4987., 346, 10, 0, 5643., 347, 2, 0, 6252., 348, 2, 0, 5906., 349, 2,
    0, 4970., 350, 2, 0, 5074., 351, 5, 0, 6187., 352, 8, 0, 5578., 353,
    0, 0, 5858., 354, 2, 0, 6520., 355, 2, 0, 5568., 356, 2, 0, 5215.,
    357, 5, 0, 6773., 358, 5, 0, 6259., 359, 1, 0, 6338., 360, 9, 0,
    5975., 361, 10, 0, 5333., 362, 3, 0, 6584., 363, 3, 0, 6119., 364, 8,
    0, 5297., 365, 2, 0, 5304., 366, 1, 0, 2844., 367, 10, 0, 7186., 368,
    0, 0, 5710., 369, 2, 0, 5993., 370, 2, 0, 4481., 371, 2, 0, 6115.,
    372, 10, 0, 5340., 373, 2, 0, 4956., 374, 2, 0, 6450., 375, 2, 0,
    5122., 376, 10, 0, 4895., 377, 10, 0, 5501., 378, 6, 0, 5646., 379,
    10, 0, 5014., 380, 7, 0, 4996., 381, 3, 0, 5242., 382, 1, 0, 5507.,
    383, 10, 0, 4602., 384, 3, 0, 6397., 385, 4, 0, 4975., 386, 10, 0,
    5673., 387, 2, 0, 4991., 388, 8, 0, 5450., 389, 0, 0, 6359., 390, 2,
    0, 5960., 391, 2, 0, 4796., 392, 2, 0, 5234., 393, 0, 0, 6433., 394,
    9, 0, 4142., 395, 8, 0, 3181., 396, 10, 0, 5762., 397, 10, 0, 5976.,
    398, 2, 0, 5609., 399, 2, 0, 5840., 400, 0, 0, 6674., 401, 3, 0,
    3778., 402, 1, 0, 5428., 403, 0, 0, 6199., 404, 8, 0, 5488., 405, 1,
    0, 5458., 406, 2, 0, 4693., 407, 5, 0, 6495., 408, 2, 0, 5506., 409,
    2, 0, 6280., 410, 2, 0, 5880., 411, 2, 0, 6546., 412, 0, 0, 4421.,
    413, 8, 0, 3850., 414, 9, 0, 5545., 415, 2, 0, 5879., 416, 10, 0,
    5248., 417, 8, 0, 5135., 418, 2, 0, 5853., 419, 2, 0, 5727., 420, 10,
