%YAML:1.0
Matches: [ 0, 9, 0, 4.8786267089843750e+02, 1, 15, 0,
    4.5694091796875000e+02, 2, 3, 0, 4.9032437133789063e+02, 3, 15, 0,
    4.9624087524414063e+02, 4, 14, 0, 5.6813818359375000e+02, 5, 15, 0,
    4.5542068481445313e+02, 6, 16, 0, 5.3275415039062500e+02, 7, 32, 0,
    3.5238330078125000e+02, 8, 9, 0, 5.0775485229492188e+02, 9, 15, 0,
    4.4841052246093750e+02, 10, 16, 0, 5.8654412841796875e+02, 11, 14, 0,
    5.3152893066406250e+02, 12, 15, 0, 5.0374002075195313e+02, 13, 54, 0,
    4.6110192871093750e+02, 14, 15, 0, 4.9126266479492188e+02, 15, 16, 0,
    4.8193255615234375e+02, 16, 15, 0, 4.9251904296875000e+02, 17, 1, 0,
    3.9667239379882813e+02, 18, 39, 0, 3.9583456420898438e+02, 19, 14, 0,
    4.5861749267578125e+02, 20, 1, 0, 4.3558352661132813e+02, 21, 39, 0,
    5.3298876953125000e+02, 22, 47, 0, 4.5237817382812500e+02, 23, 15, 0,
    5.1020877075195313e+02, 24, 42, 0, 4.4745501708984375e+02, 25, 16, 0,
    4.1274932861328125e+02, 26, 42, 0, 4.6384802246093750e+02, 27, 14, 0,
    4.5518457031250000e+02, 28, 20, 0, 3.8291381835937500e+02, 29, 1, 0,
    4.1948898315429688e+02, 30, 16, 0, 4.7680288696289063e+02, 31, 54, 0,
    3.7511865234375000e+02, 32, 13, 0, 3.7560217285156250e+02, 33, 16, 0,
    5.1570050048828125e+02, 34, 32, 0, 4.6011193847656250e+02, 35, 6, 0,
    5.5036535644531250e+02, 36, 51, 0, 4.9168078613281250e+02, 37, 30, 0,
    4.5243453979492188e+02, 38, 39, 0, 5.1497668457031250e+02, 39, 8, 0,
    4.9760928344726563e+02, 40, 15, 0, 4.3607797241210938e+02, 41, 15, 0,
    5.2322937011718750e+02, 42, 16, 0, 5.2908129882812500e+02, 43, 15, 0,
    5.2898773193359375e+02, 44, 9, 0, 4.6033682250976563e+02, 45, 9, 0,
    5.8782904052734375e+02, 46, 16, 0, 4.4574096679687500e+02, 47, 3, 0,
    3.9577770996093750e+02, 48, 15, 0, 5.4514862060546875e+02, 49, 24, 0,
    4.3865591430664063e+02, 50, 39, 0, 3.8518566894531250e+02, 51, 15, 0,
    4.4657473754882813e+02, 52, 16, 0, 5.3612030029296875e+02, 53, 51, 0,
    4.6609548950195313e+02, 54, 15, 0, 4.5095898437500000e+02, 55, 15, 0,
    4.6158422851562500e+02, 56, 8, 0, 4.6557598876953125e+02, 57, 15, 0,
    4.3269387817382813e+02, 58, 29, 0, 3.2528295898437500e+02, 59, 15, 0,
    4.8272558593750000e+02, 60, 20, 0, 4.1248150634765625e+02, 61, 16, 0,
    4.1664492797851563e+02, 62, 32, 0, 4.3728253173828125e+02, 63, 16, 0,
    4.4900332641601563e+02, 64, 9, 0, 5.0778439331054688e+02, 65, 8, 0,
    4.3511608886718750e+02, 66, 33, 0, 4.5950515747070313e+02, 67, 9, 0,
    4.8118292236328125e+02, 68, 24, 0, 5.9805517578125000e+02, 69, 15, 0,
    4.4270645141601563e+02, 70, 57, 0, 4.6864804077148438e+02, 71, 24, 0,
    4.8875759887695313e+02, 72, 15, 0, 4.5842120361328125e+02, 73, 16, 0,
    4.4368682861328125e+02, 74, 16, 0, 4.9215545654296875e+02, 75, 8, 0,
    4.6058331298828125e+02, 76, 39, 0, 4.7056774902343750e+02, 77, 1, 0,
    5.1738281250000000e+02, 78, 8, 0, 4.7855722045898438e+02, 79, 22, 0,
    4.7822274780273438e+02, 80, 16, 0, 4.3785842895507813e+02, 81, 16, 0,
    5.2747320556640625e+02, 82, 15, 0, 4.6687042236328125e+02, 83, 16, 0,
    5.5382849121093750e+02, 84, 14, 0, 4.5919931030273438e+02, 85, 14, 0,
    4.9018670654296875e+02, 86, 3, 0, 4.3664401245117188e+02, 87, 16, 0,
    5.6508050537109375e+02, 88, 15, 0, 5.0015298461914063e+02, 89, 39, 0,
    4.7489892578125000e+02, 90, 16, 0, 5.1925140380859375e+02, 91, 16, 0,
    5.1862994384765625e+02, 92, 13, 0, 3.7678775024414063e+02, 93, 6, 0,
    5.0583297729492188e+02, 94, 15, 0, 4.2431237792968750e+02, 95, 15, 0,
    5.1093148803710938e+02, 96, 21, 0, 4.6324075317382813e+02, 97, 6, 0,
    4.7253677368164063e+02, 98, 24, 0, 4.3323434448242188e+02, 99, 14, 0,
    4.5472409057617188e+02, 100, 40, 0, 3.4831881713867188e+02, 101, 14,
    0, 4.4169900512695313e+02, 102, 24, 0, 4.1054232788085938e+02, 103,
    24, 0, 4.0122314453125000e+02, 104, 13, 0, 4.4135247802734375e+02,
    105, 16, 0, 5.0122250366210938e+02, 106, 15, 0,
    4.3414053344726563e+02, 107, 43, 0, 3.9963858032226563e+02, 108, 15,
    0, 4.7914923095703125e+02, 109, 24, 0, 4.8014373779296875e+02, 110,
    16, 0, 5.7169573974609375e+02, 111, 39, 0, 3.9071856689453125e+02,
    112, 6, 0, 4.9666992187500000e+02, 113, 24, 0,
    4.8692913818359375e+02, 114, 17, 0, 4.9115579223632813e+02, 115, 16,
    0, 4.7817568969726563e+02, 116, 9, 0, 4.9450985717773438e+02, 117,
    54, 0, 4.3363232421875000e+02, 118, 15, 0, 4.7527255249023438e+02,
    119, 16, 0, 4.7999478149414063e+02, 120, 71, 0,
    4.6578536987304688e+02, 121, 16, 0, 4.8594958496093750e+02, 122, 4,
    0, 5.3368060302734375e+02, 123, 10, 0, 4.6521716308593750e+02, 124,
    4, 0, 5.5474407958984375e+02, 125, 38, 0, 4.3556286621093750e+02,
    126, 43, 0, 4.8791598510742188e+02, 127, 9, 0,
    5.0388690185546875e+02, 128, 16, 0, 3.8809664916992188e+02, 129, 9,
    0, 5.8421398925781250e+02, 130, 14, 0, 5.5139733886718750e+02, 131,
    31, 0, 3.9210330200195313e+02, 132, 20, 0, 4.6810787963867188e+02,
    133, 3, 0, 3.4785198974609375e+02, 134, 39, 0,
    3.8966781616210938e+02, 135, 0, 0, 5.0901376342773438e+02, 136, 21,
    0, 4.1335214233398438e+02, 137, 14, 0, 4.3369113159179688e+02, 138,
    16, 0, 3.9296563720703125e+02, 139, 38, 0, 3.6607513427734375e+02,
    140, 15, 0, 5.0163034057617188e+02, 141, 17, 0,
    4.5345782470703125e+02, 142, 9, 0, 5.6526983642578125e+02, 143, 24,
    0, 4.3620980834960938e+02, 144, 24, 0, 5.3891558837890625e+02, 145,
    9, 0, 4.7490209960937500e+02, 146, 24, 0, 5.6923986816406250e+02,
    147, 15, 0, 4.9667596435546875e+02, 148, 4, 0,
    5.1717889404296875e+02, 149, 9, 0, 4.4850418090820313e+02, 150, 4, 0,
    5.3356536865234375e+02, 151, 13, 0, 3.8580175781250000e+02, 152, 16,
    0, 5.5863494873046875e+02, 153, 9, 0, 3.8190313720703125e+02, 154,
    14, 0, 4.2464102172851563e+02, 155, 16, 0, 4.9816061401367188e+02,
    156, 8, 0, 5.3062414550781250e+02, 157, 54, 0,
    5.2593438720703125e+02, 158, 20, 0, 4.5266653442382813e+02, 159, 15,
    0, 5.2988208007812500e+02, 160, 39, 0, 3.9562988281250000e+02, 161,
    42, 0, 4.8940475463867188e+02, 162, 4, 0, 5.3271850585937500e+02,
    163, 15, 0, 4.9076370239257813e+02, 164, 15, 0,
    5.2478375244140625e+02, 165, 43, 0, 5.2449121093750000e+02, 166, 39,
    0, 4.2723999023437500e+02, 167, 14, 0, 4.8169076538085938e+02, 168,
    16, 0, 4.5101220703125000e+02, 169, 7, 0, 5.0836798095703125e+02,
    170, 2, 0, 3.9586993408203125e+02, 171, 16, 0,
    5.5058514404296875e+02, 172, 23, 0, 5.0778833007812500e+02, 173, 25,
    0, 5.1232897949218750e+02, 174, 17, 0, 4.8096051025390625e+02, 175,
    39, 0, 4.7731018066406250e+02, 176, 17, 0, 4.1319366455078125e+02,
    177, 5, 0, 5.0118658447265625e+02, 178, 36, 0,
    5.2792236328125000e+02, 179, 54, 0, 5.0986663818359375e+02, 180, 9,
    0, 5.2270831298828125e+02, 181, 9, 0, 5.0979898071289063e+02, 182,
    15, 0, 4.2114486694335938e+02, 183, 16, 0, 4.3961575317382813e+02,
    184, 15, 0, 4.1094525146484375e+02, 185, 16, 0,
    4.7892276000976563e+02, 186, 15, 0, 4.9340652465820313e+02, 187, 8,
    0, 4.6163946533203125e+02, 188, 32, 0, 3.9435009765625000e+02, 189,
    12, 0, 4.3166885375976563e+02, 190, 15, 0, 4.6954553222656250e+02,
    191, 8, 0, 5.4852893066406250e+02, 192, 38, 0,
    4.8072549438476563e+02, 193, 3, 0, 4.2156256103515625e+02, 194, 3, 0,
    5.3708660888671875e+02, 195, 30, 0, 5.4906555175781250e+02, 196, 16,
    0, 4.6033682250976563e+02, 197, 10, 0, 5.5869488525390625e+02, 198,
    1, 0, 4.5659390258789063e+02, 199, 9, 0, 5.6605651855468750e+02, 200,
    32, 0, 3.7125329589843750e+02, 201, 19, 0, 3.9920169067382813e+02,
    202, 12, 0, 4.4984774780273438e+02, 203, 31, 0,
    3.6314874267578125e+02, 204, 14, 0, 5.1575573730468750e+02, 205, 16,
    0, 4.2347253417968750e+02, 206, 15, 0, 4.3028247070312500e+02, 207,
    16, 0, 5.0576278686523438e+02, 208, 6, 0, 4.8900103759765625e+02,
    209, 24, 0, 4.2237304687500000e+02, 210, 15, 0,
    4.4876275634765625e+02, 211, 8, 0, 4.5190155029296875e+02, 212, 16,
