%YAML:1.0
Matches: [ 0, 5, 0, 114., 1, 15, 0, 120., 2, 7, 0, 103., 3, 0, 0, 92., 4,
    15, 0, 115., 5, 7, 0, 87., 6, 8, 0, 115., 7, 50, 0, 78., 8, 5, 0,
    98., 9, 15, 0, 108., 10, 9, 0, 106., 11, 66, 0, 124., 12, 14, 0,
    118., 13, 54, 0, 90., 14, 9, 0, 116., 15, 14, 0, 102., 16, 44, 0,
    119., 17, 11, 0, 83., 18, 1, 0, 94., 19, 24, 0, 106., 20, 21, 0,
    101., 21, 31, 0, 96., 22, 16, 0, 88., 23, 17, 0, 95., 24, 3, 0, 104.,
    25, 50, 0, 103., 26, 45, 0, 100., 27, 3, 0, 110., 28, 31, 0, 96., 29,
    1, 0, 74., 30, 51, 0, 108., 31, 66, 0, 82., 32, 13, 0, 82., 33, 5, 0,
    109., 34, 15, 0, 110., 35, 6, 0, 109., 36, 5, 0, 84., 37, 12, 0, 85.,
    38, 42, 0, 80., 39, 10, 0, 94., 40, 4, 0, 85., 41, 15, 0, 115., 42,
    9, 0, 107., 43, 3, 0, 113., 44, 9, 0, 95., 45, 9, 0, 110., 46, 12, 0,
    105., 47, 3, 0, 101., 48, 4, 0, 103., 49, 0, 0, 97., 50, 1, 0, 92.,
    51, 0, 0, 79., 52, 9, 0, 109., 53, 45, 0, 98., 54, 8, 0, 87., 55, 15,
    0, 100., 56, 8, 0, 98., 57, 8, 0, 110., 58, 12, 0, 85., 59, 7, 0,
    105., 60, 3, 0, 106., 61, 0, 0, 108., 62, 17, 0, 99., 63, 3, 0, 115.,
    64, 10, 0, 90., 65, 10, 0, 93., 66, 45, 0, 97., 67, 30, 0, 104., 68,
    54, 0, 100., 69, 7, 0, 98., 70, 51, 0, 103., 71, 25, 0, 103., 72, 15,
    0, 103., 73, 8, 0, 109., 74, 10, 0, 108., 75, 8, 0, 110., 76, 31, 0,
    94., 77, 31, 0, 100., 78, 10, 0, 110., 79, 25, 0, 91., 80, 14, 0,
    96., 81, 9, 0, 109., 82, 0, 0, 89., 83, 10, 0, 100., 84, 8, 0, 99.,
    85, 9, 0, 104., 86, 2, 0, 104., 87, 8, 0, 108., 88, 9, 0, 111., 89,
    8, 0, 102., 90, 14, 0, 104., 91, 6, 0, 103., 92, 16, 0, 84., 93, 6,
    0, 103., 94, 7, 0, 91., 95, 15, 0, 108., 96, 21, 0, 93., 97, 6, 0,
    97., 98, 25, 0, 73., 99, 30, 0, 85., 100, 62, 0, 62., 101, 15, 0,
    113., 102, 25, 0, 80., 103, 17, 0, 82., 104, 13, 0, 104., 105, 8, 0,
    106., 106, 7, 0, 105., 107, 32, 0, 106., 108, 9, 0, 101., 109, 45, 0,
    100., 110, 24, 0, 112., 111, 31, 0, 93., 112, 4, 0, 100., 113, 25, 0,
    92., 114, 17, 0, 103., 115, 36, 0, 121., 116, 9, 0, 100., 117, 73, 0,
    82., 118, 15, 0, 112., 119, 14, 0, 115., 120, 31, 0, 91., 121, 16, 0,
    108., 122, 5, 0, 110., 123, 9, 0, 96., 124, 9, 0, 106., 125, 12, 0,
    88., 126, 32, 0, 112., 127, 6, 0, 111., 128, 12, 0, 93., 129, 12, 0,
    111., 130, 15, 0, 103., 131, 42, 0, 86., 132, 12, 0, 98., 133, 7, 0,
    97., 134, 2, 0, 87., 135, 12, 0, 103., 136, 26, 0, 76., 137, 15, 0,
    91., 138, 12, 0, 91., 139, 12, 0, 84., 140, 13, 0, 83., 141, 12, 0,
    102., 142, 9, 0, 102., 143, 25, 0, 88., 144, 24, 0, 97., 145, 9, 0,
    98., 146, 73, 0, 107., 147, 4, 0, 92., 148, 8, 0, 97., 149, 9, 0,
    94., 150, 9, 0, 104., 151, 14, 0, 85., 152, 14, 0, 110., 153, 29, 0,
    88., 154, 16, 0, 99., 155, 15, 0, 107., 156, 4, 0, 113., 157, 66, 0,
    115., 158, 45, 0, 100., 159, 24, 0, 121., 160, 25, 0, 76., 161, 16,
    0, 110., 162, 7, 0, 105., 163, 15, 0, 123., 164, 8, 0, 115., 165, 17,
    0, 108., 166, 53, 0, 97., 167, 5, 0, 98., 168, 14, 0, 103., 169, 40,
    0, 115., 170, 23, 0, 97., 171, 9, 0, 99., 172, 30, 0, 85., 173, 7, 0,
    113., 174, 14, 0, 99., 175, 2, 0, 105., 176, 0, 0, 99., 177, 2, 0,
    106., 178, 31, 0, 99., 179, 7, 0, 107., 180, 9, 0, 98., 181, 10, 0,
    93., 182, 7, 0, 103., 183, 13, 0, 90., 184, 7, 0, 91., 185, 9, 0,
    108., 186, 15, 0, 120., 187, 15, 0, 98., 188, 12, 0, 100., 189, 53,
    0, 93., 190, 3, 0, 108., 191, 28, 0, 110., 192, 55, 0, 100., 193, 4,
    0, 102., 194, 3, 0, 111., 195, 40, 0, 111., 196, 10, 0, 115., 197, 9,
    0, 103., 198, 10, 0, 97., 199, 9, 0, 102., 200, 23, 0, 90., 201, 18,
    0, 106., 202, 31, 0, 82., 203, 28, 0, 97., 204, 14, 0, 113., 205, 9,
    0, 107., 206, 15, 0, 120., 207, 9, 0, 114., 208, 4, 0, 79., 209, 24,
    0, 108., 210, 7, 0, 99., 211, 1, 0, 86., 212, 10, 0, 104., 213, 10,
    0, 98., 214, 5, 0, 94., 215, 8, 0, 100., 216, 23, 0, 85., 217, 14, 0,
    120., 218, 31, 0, 101., 219, 9, 0, 93., 220, 1, 0, 88., 221, 0, 0,
    91., 222, 73, 0, 126., 223, 9, 0, 113., 224, 17, 0, 102., 225, 45, 0,
    104., 226, 9, 0, 112., 227, 13, 0, 84., 228, 2, 0, 87., 229, 46, 0,
    107., 230, 8, 0, 105., 231, 8, 0, 109., 232, 31, 0, 98., 233, 30, 0,
    74., 234, 6, 0, 90., 235, 7, 0, 108., 236, 9, 0, 106., 237, 14, 0,
    98., 238, 53, 0, 101., 239, 12, 0, 90., 240, 50, 0, 93., 241, 5, 0,
    94., 242, 15, 0, 103., 243, 15, 0, 100., 244, 6, 0, 104., 245, 45, 0,
    105., 246, 42, 0, 118., 247, 23, 0, 107., 248, 11, 0, 98., 249, 17,
    0, 110., 250, 31, 0, 92., 251, 0, 0, 106., 252, 9, 0, 103., 253, 39,
    0, 95., 254, 6, 0, 105., 255, 3, 0, 111., 256, 4, 0, 102., 257, 9, 0,
    88., 258, 8, 0, 125., 259, 21, 0, 111., 260, 15, 0, 97., 261, 12, 0,
    94., 262, 50, 0, 114., 263, 15, 0, 96., 264, 24, 0, 103., 265, 3, 0,
    105., 266, 3, 0, 104., 267, 14, 0, 99., 268, 30, 0, 113., 269, 15, 0,
    105., 270, 1, 0, 97., 271, 31, 0, 101., 272, 31, 0, 104., 273, 11, 0,
    87., 274, 14, 0, 117., 275, 30, 0, 95., 276, 4, 0, 101., 277, 24, 0,
    107., 278, 9, 0, 108., 279, 24, 0, 80., 280, 1, 0, 82., 281, 15, 0,
    97., 282, 8, 0, 86., 283, 16, 0, 92., 284, 16, 0, 116., 285, 7, 0,
    109., 286, 6, 0, 119., 287, 0, 0, 109., 288, 28, 0, 105., 289, 23, 0,
    88., 290, 7, 0, 112., 291, 15, 0, 109., 292, 58, 0, 95., 293, 70, 0,
    130., 294, 1, 0, 82., 295, 21, 0, 91., 296, 12, 0, 68., 297, 16, 0,
    108., 298, 4, 0, 73., 299, 7, 0, 109., 300, 5, 0, 106., 301, 11, 0,
    104., 302, 1, 0, 112., 303, 6, 0, 89., 304, 59, 0, 119., 305, 9, 0,
    113., 306, 10, 0, 99., 307, 30, 0, 99., 308, 28, 0, 106., 309, 15, 0,
    112., 310, 14, 0, 97., 311, 9, 0, 102., 312, 44, 0, 98., 313, 9, 0,
    114., 314, 32, 0, 105., 315, 53, 0, 116., 316, 18, 0, 93., 317, 8, 0,
    108., 318, 6, 0, 90., 319, 4, 0, 92., 320, 12, 0, 108., 321, 11, 0,
    88., 322, 6, 0, 117., 323, 56, 0, 92., 324, 26, 0, 99., 325, 51, 0,
    98., 326, 9, 0, 98., 327, 10, 0, 112., 328, 0, 0, 103., 329, 10, 0,
    112., 330, 18, 0, 91., 331, 26, 0, 108., 332, 12, 0, 102., 333, 19,
    0, 100., 334, 9, 0, 110., 335, 7, 0, 100., 336, 25, 0, 110., 337, 9,
    0, 104., 338, 2, 0, 105., 339, 17, 0, 110., 340, 10, 0, 87., 341, 6,
    0, 105., 342, 13, 0, 100., 343, 6, 0, 101., 344, 21, 0, 84., 345, 2,
    0, 90., 346, 9, 0, 106., 347, 9, 0, 105., 348, 10, 0, 101., 349, 45,
    0, 110., 350, 18, 0, 108., 351, 15, 0, 122., 352, 56, 0, 111., 353,
    8, 0, 108., 354, 25, 0, 97., 355, 16, 0, 91., 356, 25, 0, 108., 357,
    10, 0, 106., 358, 31, 0, 99., 359, 21, 0, 86., 360, 8, 0, 89., 361,
    28, 0, 105., 362, 47, 0, 108., 363, 15, 0, 95., 364, 31, 0, 106.,
    365, 26, 0, 108., 366, 9, 0, 95., 367, 25, 0, 96., 368, 5, 0, 103.,
    369, 3, 0, 105., 370, 9, 0, 101., 371, 13, 0, 95., 372, 41, 0, 106.,
    373, 0, 0, 123., 374, 11, 0, 80., 375, 8, 0, 111., 376, 42, 0, 114.,
    377, 38, 0, 100., 378, 17, 0, 123., 379, 18, 0, 99., 380, 24, 0, 97.,
    381, 12, 0, 113., 382, 4, 0, 102., 383, 15, 0, 89., 384, 5, 0, 120.,
    385, 15, 0, 109., 386, 5, 0, 110., 387, 8, 0, 82., 388, 14, 0, 103.,
    389, 8, 0, 112., 390, 31, 0, 101., 391, 15, 0, 103., 392, 4, 0, 90.,
    393, 0, 0, 89., 394, 17, 0, 117., 395, 13, 0, 110., 396, 14, 0, 103.,
    397, 8, 0, 97., 398, 0, 0, 102., 399, 9, 0, 110., 400, 50, 0, 85.,
    401, 9, 0, 111., 402, 13, 0, 104., 403, 16, 0, 105., 404, 7, 0, 90.,
    405, 18, 0, 107., 406, 16, 0, 112., 407, 43, 0, 109., 408, 8, 0,
    113., 409, 4, 0, 115., 410, 30, 0, 101., 411, 41, 0, 111., 412, 38,
    0, 77., 413, 43, 0, 87., 414, 66, 0, 114., 415, 8, 0, 105., 416, 2,
    0, 100., 417, 51, 0, 110., 418, 11, 0, 101., 419, 0, 0, 104., 420,
    12, 0, 76., 421, 54, 0, 115., 422, 14, 0, 93., 423, 5, 0, 88., 424,
    14, 0, 102., 425, 35, 0, 96., 426, 13, 0, 103., 427, 14, 0, 106.,
    428, 9, 0, 101., 429, 9, 0, 117., 430, 9, 0, 117., 431, 8, 0, 93.,
    432, 10, 0, 100., 433, 45, 0, 107., 434, 0, 0, 116., 435, 31, 0,
    112., 436, 15, 0, 111., 437, 15, 0, 81., 438, 0, 0, 95., 439, 6, 0,
    108., 440, 9, 0, 103., 441, 10, 0, 103., 442, 10, 0, 94., 443, 22, 0,
