%YAML:1.0
Matches: [ 0, 21, 0, 85., 1, 15, 0, 91., 2, 4, 0, 82., 3, 11, 0, 76., 4,
    14, 0, 89., 5, 4, 0, 74., 6, 8, 0, 87., 7, 50, 0, 68., 8, 26, 0, 78.,
    9, 17, 0, 82., 10, 14, 0, 88., 11, 66, 0, 93., 12, 14, 0, 90., 13,
    54, 0, 75., 14, 14, 0, 86., 15, 14, 0, 78., 16, 24, 0, 88., 17, 11,
    0, 74., 18, 1, 0, 76., 19, 24, 0, 81., 20, 21, 0, 76., 21, 31, 0,
    82., 22, 16, 0, 75., 23, 25, 0, 77., 24, 45, 0, 81., 25, 0, 0, 83.,
    26, 45, 0, 77., 27, 7, 0, 87., 28, 23, 0, 77., 29, 1, 0, 64., 30, 16,
    0, 86., 31, 47, 0, 70., 32, 13, 0, 70., 33, 15, 0, 80., 34, 36, 0,
    82., 35, 24, 0, 88., 36, 5, 0, 70., 37, 12, 0, 71., 38, 42, 0, 63.,
    39, 10, 0, 75., 40, 4, 0, 68., 41, 14, 0, 87., 42, 9, 0, 84., 43, 7,
    0, 90., 44, 9, 0, 79., 45, 9, 0, 84., 46, 10, 0, 86., 47, 17, 0, 77.,
    48, 4, 0, 87., 49, 0, 0, 77., 50, 1, 0, 73., 51, 0, 0, 67., 52, 9, 0,
    84., 53, 45, 0, 77., 54, 8, 0, 76., 55, 8, 0, 84., 56, 8, 0, 80., 57,
    15, 0, 85., 58, 42, 0, 71., 59, 7, 0, 85., 60, 4, 0, 86., 61, 0, 0,
    82., 62, 45, 0, 76., 63, 3, 0, 83., 64, 10, 0, 75., 65, 6, 0, 80.,
    66, 45, 0, 75., 67, 1, 0, 85., 68, 66, 0, 82., 69, 7, 0, 78., 70, 51,
    0, 81., 71, 25, 0, 76., 72, 14, 0, 82., 73, 42, 0, 88., 74, 31, 0,
    84., 75, 6, 0, 83., 76, 28, 0, 77., 77, 1, 0, 81., 78, 10, 0, 89.,
    79, 25, 0, 79., 80, 14, 0, 75., 81, 9, 0, 89., 82, 0, 0, 74., 83, 9,
    0, 83., 84, 9, 0, 85., 85, 9, 0, 86., 86, 2, 0, 78., 87, 8, 0, 83.,
    88, 14, 0, 86., 89, 53, 0, 84., 90, 14, 0, 83., 91, 6, 0, 84., 92,
    16, 0, 69., 93, 6, 0, 84., 94, 15, 0, 78., 95, 5, 0, 88., 96, 21, 0,
    76., 97, 6, 0, 77., 98, 33, 0, 62., 99, 30, 0, 69., 100, 62, 0, 53.,
    101, 16, 0, 88., 102, 22, 0, 66., 103, 17, 0, 68., 104, 13, 0, 80.,
    105, 8, 0, 83., 106, 7, 0, 83., 107, 7, 0, 82., 108, 9, 0, 83., 109,
    45, 0, 84., 110, 24, 0, 85., 111, 28, 0, 77., 112, 7, 0, 77., 113,
    25, 0, 71., 114, 17, 0, 83., 115, 11, 0, 92., 116, 9, 0, 81., 117,
    74, 0, 68., 118, 9, 0, 88., 119, 14, 0, 89., 120, 31, 0, 76., 121,
    16, 0, 87., 122, 5, 0, 82., 123, 9, 0, 79., 124, 9, 0, 87., 125, 12,
    0, 70., 126, 43, 0, 87., 127, 6, 0, 85., 128, 12, 0, 76., 129, 12, 0,
    85., 130, 15, 0, 86., 131, 42, 0, 73., 132, 12, 0, 79., 133, 7, 0,
    76., 134, 28, 0, 72., 135, 17, 0, 79., 136, 26, 0, 64., 137, 14, 0,
    75., 138, 12, 0, 69., 139, 23, 0, 69., 140, 5, 0, 72., 141, 40, 0,
    77., 142, 13, 0, 77., 143, 17, 0, 74., 144, 24, 0, 82., 145, 9, 0,
    81., 146, 61, 0, 86., 147, 4, 0, 75., 148, 8, 0, 79., 149, 9, 0, 74.,
    150, 9, 0, 83., 151, 13, 0, 71., 152, 14, 0, 85., 153, 29, 0, 74.,
    154, 16, 0, 75., 155, 15, 0, 82., 156, 7, 0, 87., 157, 51, 0, 88.,
    158, 45, 0, 84., 159, 9, 0, 89., 160, 25, 0, 62., 161, 3, 0, 86.,
    162, 7, 0, 81., 163, 4, 0, 90., 164, 14, 0, 86., 165, 17, 0, 84.,
    166, 53, 0, 78., 167, 5, 0, 77., 168, 14, 0, 82., 169, 56, 0, 89.,
    170, 23, 0, 78., 171, 9, 0, 82., 172, 30, 0, 73., 173, 7, 0, 87.,
    174, 14, 0, 76., 175, 1, 0, 84., 176, 17, 0, 77., 177, 2, 0, 83.,
    178, 31, 0, 82., 179, 25, 0, 82., 180, 6, 0, 78., 181, 5, 0, 72.,
    182, 18, 0, 82., 183, 16, 0, 73., 184, 13, 0, 77., 185, 14, 0, 81.,
    186, 6, 0, 90., 187, 16, 0, 83., 188, 62, 0, 80., 189, 36, 0, 73.,
    190, 1, 0, 86., 191, 28, 0, 85., 192, 46, 0, 80., 193, 4, 0, 82.,
    194, 16, 0, 83., 195, 23, 0, 86., 196, 9, 0, 87., 197, 9, 0, 80.,
    198, 19, 0, 79., 199, 9, 0, 80., 200, 27, 0, 71., 201, 31, 0, 83.,
    202, 34, 0, 69., 203, 28, 0, 76., 204, 24, 0, 86., 205, 9, 0, 90.,
    206, 8, 0, 92., 207, 8, 0, 92., 208, 4, 0, 69., 209, 22, 0, 82., 210,
    4, 0, 80., 211, 1, 0, 71., 212, 8, 0, 81., 213, 16, 0, 81., 214, 5,
    0, 73., 215, 8, 0, 80., 216, 23, 0, 74., 217, 14, 0, 91., 218, 31, 0,
    80., 219, 9, 0, 76., 220, 1, 0, 77., 221, 0, 0, 75., 222, 24, 0, 92.,
    223, 9, 0, 83., 224, 17, 0, 81., 225, 34, 0, 83., 226, 9, 0, 84.,
    227, 13, 0, 71., 228, 2, 0, 73., 229, 46, 0, 81., 230, 8, 0, 83.,
    231, 8, 0, 85., 232, 31, 0, 79., 233, 33, 0, 60., 234, 6, 0, 75.,
    235, 7, 0, 80., 236, 9, 0, 85., 237, 46, 0, 75., 238, 53, 0, 76.,
    239, 23, 0, 75., 240, 45, 0, 77., 241, 21, 0, 81., 242, 9, 0, 82.,
    243, 14, 0, 80., 244, 6, 0, 81., 245, 45, 0, 81., 246, 31, 0, 92.,
    247, 23, 0, 84., 248, 27, 0, 83., 249, 0, 0, 86., 250, 28, 0, 77.,
    251, 0, 0, 81., 252, 9, 0, 83., 253, 42, 0, 78., 254, 6, 0, 84., 255,
    3, 0, 81., 256, 4, 0, 79., 257, 21, 0, 72., 258, 4, 0, 94., 259, 21,
    0, 84., 260, 13, 0, 80., 261, 12, 0, 78., 262, 50, 0, 89., 263, 15,
    0, 81., 264, 20, 0, 80., 265, 0, 0, 84., 266, 4, 0, 75., 267, 15, 0,
    76., 268, 24, 0, 82., 269, 15, 0, 86., 270, 1, 0, 77., 271, 1, 0,
    83., 272, 31, 0, 82., 273, 11, 0, 70., 274, 24, 0, 88., 275, 30, 0,
    74., 276, 4, 0, 83., 277, 24, 0, 78., 278, 8, 0, 90., 279, 48, 0,
    64., 280, 1, 0, 68., 281, 15, 0, 81., 282, 13, 0, 69., 283, 16, 0,
    71., 284, 45, 0, 87., 285, 7, 0, 81., 286, 0, 0, 91., 287, 0, 0, 85.,
    288, 28, 0, 84., 289, 23, 0, 70., 290, 7, 0, 85., 291, 14, 0, 83.,
    292, 57, 0, 79., 293, 5, 0, 95., 294, 1, 0, 64., 295, 21, 0, 71.,
    296, 12, 0, 58., 297, 16, 0, 83., 298, 3, 0, 65., 299, 7, 0, 85.,
    300, 0, 0, 87., 301, 13, 0, 82., 302, 1, 0, 88., 303, 6, 0, 77., 304,
    31, 0, 86., 305, 16, 0, 85., 306, 21, 0, 82., 307, 24, 0, 79., 308,
    29, 0, 82., 309, 15, 0, 86., 310, 14, 0, 84., 311, 14, 0, 79., 312,
    54, 0, 75., 313, 6, 0, 91., 314, 32, 0, 82., 315, 10, 0, 90., 316,
    18, 0, 73., 317, 8, 0, 87., 318, 6, 0, 73., 319, 4, 0, 73., 320, 40,
    0, 82., 321, 23, 0, 70., 322, 6, 0, 88., 323, 33, 0, 74., 324, 34, 0,
    77., 325, 51, 0, 78., 326, 9, 0, 79., 327, 10, 0, 86., 328, 0, 0,
    80., 329, 42, 0, 87., 330, 19, 0, 74., 331, 49, 0, 82., 332, 60, 0,
    81., 333, 31, 0, 81., 334, 9, 0, 86., 335, 13, 0, 80., 336, 25, 0,
    84., 337, 9, 0, 84., 338, 2, 0, 81., 339, 15, 0, 86., 340, 10, 0,
    74., 341, 6, 0, 83., 342, 13, 0, 84., 343, 6, 0, 82., 344, 21, 0,
    69., 345, 2, 0, 78., 346, 9, 0, 85., 347, 18, 0, 90., 348, 14, 0,
    81., 349, 45, 0, 87., 350, 18, 0, 85., 351, 5, 0, 88., 352, 50, 0,
    91., 353, 47, 0, 85., 354, 25, 0, 75., 355, 21, 0, 71., 356, 25, 0,
    84., 357, 28, 0, 86., 358, 0, 0, 87., 359, 23, 0, 70., 360, 8, 0,
    74., 361, 28, 0, 83., 362, 47, 0, 83., 363, 9, 0, 78., 364, 11, 0,
    86., 365, 9, 0, 85., 366, 8, 0, 78., 367, 25, 0, 78., 368, 8, 0, 80.,
    369, 16, 0, 79., 370, 9, 0, 80., 371, 13, 0, 77., 372, 30, 0, 82.,
    373, 0, 0, 90., 374, 12, 0, 63., 375, 8, 0, 84., 376, 42, 0, 88.,
    377, 38, 0, 79., 378, 51, 0, 87., 379, 26, 0, 81., 380, 24, 0, 81.,
    381, 36, 0, 88., 382, 7, 0, 84., 383, 15, 0, 69., 384, 5, 0, 91.,
    385, 15, 0, 87., 386, 6, 0, 85., 387, 8, 0, 69., 388, 17, 0, 78.,
    389, 9, 0, 81., 390, 45, 0, 78., 391, 6, 0, 84., 392, 4, 0, 72., 393,
    5, 0, 75., 394, 43, 0, 89., 395, 7, 0, 86., 396, 14, 0, 84., 397, 8,
    0, 77., 398, 4, 0, 80., 399, 24, 0, 86., 400, 28, 0, 68., 401, 9, 0,
    86., 402, 13, 0, 85., 403, 25, 0, 82., 404, 7, 0, 71., 405, 18, 0,
    84., 406, 8, 0, 88., 407, 48, 0, 86., 408, 8, 0, 85., 409, 7, 0, 90.,
    410, 30, 0, 78., 411, 41, 0, 81., 412, 38, 0, 67., 413, 43, 0, 68.,
    414, 57, 0, 84., 415, 8, 0, 82., 416, 2, 0, 81., 417, 34, 0, 88.,
    418, 22, 0, 81., 419, 0, 0, 83., 420, 23, 0, 62., 421, 15, 0, 87.,
    422, 14, 0, 78., 423, 5, 0, 72., 424, 14, 0, 83., 425, 56, 0, 78.,
    426, 11, 0, 84., 427, 14, 0, 81., 428, 5, 0, 82., 429, 9, 0, 92.,
    430, 9, 0, 93., 431, 8, 0, 74., 432, 10, 0, 83., 433, 14, 0, 86.,
    434, 17, 0, 85., 435, 36, 0, 83., 436, 15, 0, 86., 437, 15, 0, 68.,
    438, 15, 0, 77., 439, 6, 0, 85., 440, 9, 0, 84., 441, 10, 0, 81.,
    442, 10, 0, 79., 443, 30, 0, 83., 444, 7, 0, 84., 445, 6, 0, 86.,
    446, 40, 0, 70., 447, 5, 0, 93., 448, 11, 0, 85., 449, 8, 0, 85.,
    450, 9, 0, 76., 451, 18, 0, 83., 452, 9, 0, 76., 453, 2, 0, 75., 454,
    4, 0, 89., 455, 50, 0, 66., 456, 10, 0, 79., 457, 38, 0, 72., 458, 6,
