%YAML:1.0
Matches: [ 0, 7, 0, 2213., 1, 15, 0, 2167., 2, 3, 0, 2168., 3, 15, 0,
    2173., 4, 14, 0, 2455., 5, 15, 0, 1972., 6, 15, 0, 2463., 7, 32, 0,
    1584., 8, 5, 0, 2153., 9, 15, 0, 2070., 10, 14, 0, 2783., 11, 24, 0,
    2409., 12, 15, 0, 2354., 13, 57, 0, 2046., 14, 15, 0, 2301., 15, 16,
    0, 2137., 16, 15, 0, 2191., 17, 1, 0, 1667., 18, 39, 0, 1659., 19,
    14, 0, 2104., 20, 1, 0, 1935., 21, 51, 0, 2387., 22, 47, 0, 1920.,
    23, 15, 0, 2217., 24, 42, 0, 1888., 25, 16, 0, 1808., 26, 42, 0,
    2081., 27, 14, 0, 2029., 28, 20, 0, 1691., 29, 1, 0, 1715., 30, 16,
    0, 2131., 31, 54, 0, 1704., 32, 13, 0, 1575., 33, 16, 0, 2351., 34,
    32, 0, 2011., 35, 6, 0, 2444., 36, 51, 0, 2188., 37, 30, 0, 1929.,
    38, 39, 0, 2219., 39, 8, 0, 2137., 40, 15, 0, 1968., 41, 14, 0,
    2258., 42, 9, 0, 2565., 43, 15, 0, 2470., 44, 9, 0, 1972., 45, 9, 0,
    2815., 46, 38, 0, 2073., 47, 7, 0, 1680., 48, 16, 0, 2529., 49, 24,
    0, 1863., 50, 39, 0, 1734., 51, 7, 0, 1834., 52, 14, 0, 2232., 53,
    51, 0, 2199., 54, 15, 0, 2006., 55, 14, 0, 2057., 56, 8, 0, 1849.,
    57, 15, 0, 1860., 58, 29, 0, 1345., 59, 15, 0, 2140., 60, 1, 0,
    1873., 61, 16, 0, 1917., 62, 32, 0, 1694., 63, 16, 0, 1908., 64, 16,
    0, 2229., 65, 8, 0, 1966., 66, 33, 0, 1883., 67, 6, 0, 2289., 68, 40,
    0, 2604., 69, 15, 0, 1893., 70, 66, 0, 2135., 71, 24, 0, 2186., 72,
    15, 0, 1844., 73, 16, 0, 2146., 74, 16, 0, 2217., 75, 8, 0, 2011.,
    76, 39, 0, 1834., 77, 1, 0, 2235., 78, 8, 0, 1987., 79, 25, 0, 2060.,
    80, 16, 0, 1818., 81, 9, 0, 2268., 82, 7, 0, 1987., 83, 9, 0, 2492.,
    84, 14, 0, 1946., 85, 14, 0, 2265., 86, 10, 0, 1793., 87, 8, 0,
    2319., 88, 15, 0, 2383., 89, 51, 0, 2153., 90, 16, 0, 2374., 91, 22,
    0, 2253., 92, 16, 0, 1686., 93, 7, 0, 2154., 94, 15, 0, 1827., 95,
    15, 0, 2393., 96, 14, 0, 1935., 97, 6, 0, 2009., 98, 24, 0, 1692.,
    99, 14, 0, 2044., 100, 40, 0, 1194., 101, 14, 0, 1796., 102, 24, 0,
    1761., 103, 25, 0, 1714., 104, 13, 0, 1902., 105, 15, 0, 2114., 106,
    15, 0, 1866., 107, 43, 0, 1841., 108, 15, 0, 2184., 109, 24, 0,
    2094., 110, 16, 0, 2788., 111, 39, 0, 1745., 112, 6, 0, 2209., 113,
    24, 0, 2056., 114, 17, 0, 1974., 115, 16, 0, 2166., 116, 9, 0, 2262.,
    117, 54, 0, 1913., 118, 6, 0, 2098., 119, 16, 0, 2337., 120, 71, 0,
    1956., 121, 13, 0, 2262., 122, 4, 0, 2237., 123, 10, 0, 2227., 124,
    4, 0, 2563., 125, 38, 0, 1749., 126, 43, 0, 2214., 127, 6, 0, 2188.,
    128, 16, 0, 1703., 129, 4, 0, 2583., 130, 15, 0, 2650., 131, 31, 0,
    1545., 132, 12, 0, 2091., 133, 3, 0, 1523., 134, 39, 0, 1547., 135,
    0, 0, 2151., 136, 21, 0, 1654., 137, 14, 0, 1768., 138, 16, 0, 1820.,
    139, 38, 0, 1483., 140, 4, 0, 2284., 141, 17, 0, 1936., 142, 8, 0,
    2455., 143, 24, 0, 1893., 144, 24, 0, 2298., 145, 8, 0, 2127., 146,
    24, 0, 2618., 147, 7, 0, 2076., 148, 7, 0, 2038., 149, 9, 0, 2004.,
    150, 3, 0, 2422., 151, 13, 0, 1599., 152, 14, 0, 2444., 153, 9, 0,
    1666., 154, 14, 0, 1844., 155, 15, 0, 2250., 156, 8, 0, 2292., 157,
    54, 0, 2323., 158, 20, 0, 2071., 159, 24, 0, 2544., 160, 39, 0,
    1541., 161, 42, 0, 2121., 162, 4, 0, 2343., 163, 15, 0, 2351., 164,
    15, 0, 2340., 165, 22, 0, 2309., 166, 39, 0, 1972., 167, 9, 0, 2175.,
    168, 16, 0, 1936., 169, 3, 0, 2234., 170, 1, 0, 1678., 171, 9, 0,
    2472., 172, 23, 0, 2193., 173, 25, 0, 2245., 174, 22, 0, 2106., 175,
    39, 0, 2115., 176, 17, 0, 1805., 177, 5, 0, 2124., 178, 12, 0, 2459.,
    179, 15, 0, 2252., 180, 9, 0, 2284., 181, 9, 0, 2105., 182, 15, 0,
    1755., 183, 16, 0, 1968., 184, 15, 0, 1784., 185, 14, 0, 2054., 186,
    6, 0, 2150., 187, 8, 0, 1841., 188, 32, 0, 1600., 189, 12, 0, 1842.,
    190, 24, 0, 2026., 191, 8, 0, 2466., 192, 38, 0, 2149., 193, 4, 0,
    1797., 194, 16, 0, 2353., 195, 30, 0, 2395., 196, 16, 0, 1996., 197,
    10, 0, 2490., 198, 1, 0, 1874., 199, 9, 0, 2586., 200, 32, 0, 1607.,
    201, 19, 0, 1738., 202, 50, 0, 1817., 203, 31, 0, 1651., 204, 7, 0,
    2346., 205, 16, 0, 1983., 206, 15, 0, 1763., 207, 16, 0, 2380., 208,
    3, 0, 2145., 209, 24, 0, 1817., 210, 15, 0, 1972., 211, 8, 0, 1919.,
    212, 16, 0, 1846., 213, 23, 0, 1845., 214, 9, 0, 2008., 215, 8, 0,
    2009., 216, 23, 0, 1569., 217, 16, 0, 2338., 218, 28, 0, 1962., 219,
    9, 0, 1760., 220, 28, 0, 1704., 221, 33, 0, 1835., 222, 14, 0, 2454.,
    223, 9, 0, 2013., 224, 66, 0, 1972., 225, 71, 0, 2254., 226, 3, 0,
    2499., 227, 13, 0, 1815., 228, 30, 0, 1673., 229, 1, 0, 1777., 230,
    39, 0, 2668., 231, 8, 0, 2230., 232, 19, 0, 1948., 233, 17, 0, 1147.,
    234, 7, 0, 1685., 235, 0, 0, 1905., 236, 16, 0, 2184., 237, 38, 0,
    1808., 238, 39, 0, 1979., 239, 35, 0, 1695., 240, 43, 0, 1857., 241,
    4, 0, 2317., 242, 15, 0, 2182., 243, 15, 0, 1994., 244, 6, 0, 2014.,
    245, 43, 0, 2054., 246, 16, 0, 2470., 247, 12, 0, 2096., 248, 17, 0,
    2034., 249, 24, 0, 1952., 250, 42, 0, 2323., 251, 33, 0, 1816., 252,
    9, 0, 1809., 253, 39, 0, 2257., 254, 16, 0, 2029., 255, 7, 0, 1901.,
    256, 17, 0, 1818., 257, 21, 0, 2378., 258, 9, 0, 2466., 259, 9, 0,
    2557., 260, 15, 0, 2074., 261, 11, 0, 2020., 262, 16, 0, 1910., 263,
    8, 0, 1978., 264, 24, 0, 2281., 265, 3, 0, 2049., 266, 13, 0, 1616.,
    267, 16, 0, 2263., 268, 16, 0, 2492., 269, 16, 0, 2018., 270, 1, 0,
    2043., 271, 19, 0, 1833., 272, 38, 0, 1775., 273, 7, 0, 2024., 274,
    6, 0, 2475., 275, 30, 0, 2088., 276, 4, 0, 2168., 277, 14, 0, 2554.,
    278, 9, 0, 2142., 279, 17, 0, 1779., 280, 37, 0, 1696., 281, 16, 0,
    1812., 282, 8, 0, 1732., 283, 16, 0, 1861., 284, 16, 0, 2079., 285,
    14, 0, 2405., 286, 15, 0, 1903., 287, 9, 0, 2693., 288, 22, 0, 2387.,
    289, 23, 0, 1480., 290, 16, 0, 1997., 291, 34, 0, 2365., 292, 60, 0,
    1669., 293, 9, 0, 2481., 294, 1, 0, 1833., 295, 2, 0, 1805., 296, 28,
    0, 1399., 297, 15, 0, 1804., 298, 7, 0, 2033., 299, 24, 0, 2077.,
    300, 22, 0, 2150., 301, 24, 0, 2224., 302, 1, 0, 2089., 303, 8, 0,
    2141., 304, 1, 0, 1940., 305, 16, 0, 2154., 306, 16, 0, 2144., 307,
    30, 0, 2247., 308, 47, 0, 1721., 309, 15, 0, 1811., 310, 14, 0,
    2026., 311, 8, 0, 2073., 312, 31, 0, 1628., 313, 15, 0, 2594., 314,
    32, 0, 1974., 315, 69, 0, 2084., 316, 1, 0, 2006., 317, 66, 0, 2312.,
    318, 8, 0, 1962., 319, 15, 0, 2123., 320, 23, 0, 2408., 321, 25, 0,
    1852., 322, 9, 0, 2095., 323, 33, 0, 1612., 324, 36, 0, 2115., 325,
    33, 0, 1701., 326, 6, 0, 1776., 327, 71, 0, 2348., 328, 0, 0, 1864.,
    329, 9, 0, 2419., 330, 42, 0, 1684., 331, 23, 0, 2215., 332, 13, 0,
    2430., 333, 14, 0, 2016., 334, 11, 0, 2523., 335, 12, 0, 2173., 336,
    51, 0, 2238., 337, 1, 0, 1935., 338, 4, 0, 2467., 339, 15, 0, 2099.,
    340, 8, 0, 1979., 341, 1, 0, 1749., 342, 4, 0, 1655., 343, 16, 0,
    1796., 344, 1, 0, 1663., 345, 16, 0, 1925., 346, 8, 0, 2137., 347, 9,
    0, 2308., 348, 10, 0, 1939., 349, 3, 0, 2221., 350, 16, 0, 1836.,
    351, 15, 0, 2808., 352, 6, 0, 2386., 353, 8, 0, 1737., 354, 24, 0,
    1923., 355, 1, 0, 1945., 356, 25, 0, 2354., 357, 9, 0, 1981., 358,
    36, 0, 2120., 359, 11, 0, 1833., 360, 3, 0, 1848., 361, 10, 0, 2122.,
    362, 14, 0, 2325., 363, 9, 0, 1829., 364, 0, 0, 2041., 365, 9, 0,
    2187., 366, 15, 0, 2161., 367, 25, 0, 2031., 368, 8, 0, 1961., 369,
    15, 0, 1895., 370, 16, 0, 2107., 371, 13, 0, 1600., 372, 61, 0,
    2052., 373, 32, 0, 2229., 374, 32, 0, 1468., 375, 6, 0, 2623., 376,
    16, 0, 1870., 377, 25, 0, 2090., 378, 4, 0, 2083., 379, 14, 0, 2005.,
    380, 15, 0, 2141., 381, 5, 0, 2229., 382, 3, 0, 2101., 383, 15, 0,
    1990., 384, 15, 0, 2138., 385, 7, 0, 2517., 386, 14, 0, 2020., 387,
    1, 0, 2022., 388, 15, 0, 1663., 389, 15, 0, 1650., 390, 39, 0, 1894.,
    391, 6, 0, 1932., 392, 3, 0, 1853., 393, 0, 0, 1873., 394, 9, 0,
    2219., 395, 13, 0, 1867., 396, 14, 0, 1903., 397, 8, 0, 1612., 398,
    24, 0, 1990., 399, 15, 0, 2015., 400, 20, 0, 1376., 401, 14, 0,
    1956., 402, 4, 0, 1762., 403, 14, 0, 2027., 404, 7, 0, 2023., 405,
    31, 0, 1648., 406, 20, 0, 2344., 407, 3, 0, 2201., 408, 6, 0, 2465.,
