%YAML:1.0
Matches: [ 0, 429, 0, 60., 1, 301, 0, 51., 2, 233, 0, 44., 3, 27, 0, 63.,
    4, 170, 0, 56., 5, 312, 0, 54., 6, 454, 0, 55., 7, 349, 0, 47., 8,
    341, 0, 59., 9, 415, 0, 62., 10, 63, 0, 70., 11, 63, 0, 54., 12, 357,
    0, 45., 13, 429, 0, 61., 14, 365, 0, 62., 15, 216, 0, 58., 16, 312,
    0, 60., 17, 386, 0, 60., 18, 429, 0, 66., 19, 440, 0, 50., 20, 233,
    0, 31., 21, 312, 0, 44., 22, 353, 0, 63., 23, 85, 0, 14., 24, 376, 0,
    68., 25, 353, 0, 65., 26, 420, 0, 67., 27, 457, 0, 68., 28, 226, 0,
    47., 29, 81, 0, 72., 30, 440, 0, 53., 31, 226, 0, 61., 32, 440, 0,
    56., 33, 440, 0, 59., 34, 98, 0, 60., 35, 139, 0, 42., 36, 417, 0,
    61., 37, 312, 0, 53., 38, 66, 0, 49., 39, 195, 0, 21., 40, 133, 0,
    54., 41, 413, 0, 60., 42, 14, 0, 40., 43, 227, 0, 67., 44, 313, 0,
    59., 45, 159, 0, 53., 46, 226, 0, 68., 47, 429, 0, 54., 48, 276, 0,
    68., 49, 63, 0, 58., 50, 386, 0, 60., 51, 173, 0, 59., 52, 233, 0,
    51., 53, 496, 0, 63., 54, 456, 0, 57., 55, 440, 0, 50., 56, 429, 0,
    54., 57, 322, 0, 45., 58, 456, 0, 61., 59, 226, 0, 58., 60, 312, 0,
    49., 61, 233, 0, 48., 62, 353, 0, 63., 63, 88, 0, 35., 64, 322, 0,
    32., 65, 322, 0, 46., 66, 94, 0, 19., 67, 322, 0, 34., 68, 429, 0,
    57., 69, 370, 0, 43., 70, 312, 0, 23., 71, 417, 0, 55., 72, 157, 0,
    60., 73, 67, 0, 63., 74, 128, 0, 65., 75, 128, 0, 62., 76, 456, 0,
    65., 77, 251, 0, 62., 78, 33, 0, 45., 79, 413, 0, 65., 80, 233, 0,
    48., 81, 349, 0, 62., 82, 440, 0, 58., 83, 429, 0, 63., 84, 440, 0,
    42., 85, 312, 0, 40., 86, 216, 0, 57., 87, 322, 0, 48., 88, 160, 0,
    53., 89, 429, 0, 61., 90, 386, 0, 68., 91, 233, 0, 46., 92, 440, 0,
    50., 93, 233, 0, 40., 94, 440, 0, 56., 95, 139, 0, 54., 96, 184, 0,
    53., 97, 153, 0, 61., 98, 432, 0, 45., 99, 168, 0, 38., 100, 306, 0,
    66., 101, 27, 0, 55., 102, 88, 0, 53., 103, 214, 0, 70., 104, 317, 0,
    68., 105, 152, 0, 59., 106, 417, 0, 61., 107, 397, 0, 59., 108, 440,
    0, 46., 109, 26, 0, 44., 110, 454, 0, 62., 111, 25, 0, 19., 112, 417,
    0, 63., 113, 312, 0, 56., 114, 88, 0, 52., 115, 454, 0, 60., 116,
    399, 0, 47., 117, 299, 0, 43., 118, 127, 0, 56., 119, 233, 0, 42.,
    120, 284, 0, 43., 121, 188, 0, 64., 122, 306, 0, 56., 123, 306, 0,
    59., 124, 440, 0, 63., 125, 358, 0, 35., 126, 233, 0, 30., 127, 216,
    0, 71., 128, 248, 0, 19., 129, 216, 0, 49., 130, 56, 0, 46., 131,
    284, 0, 31., 132, 14, 0, 62., 133, 413, 0, 65., 134, 371, 0, 39.,
    135, 53, 0, 50., 136, 226, 0, 43., 137, 63, 0, 51., 138, 51, 0, 51.,
    139, 51, 0, 46., 140, 226, 0, 25., 141, 477, 0, 50., 142, 30, 0, 53.,
    143, 195, 0, 27., 144, 454, 0, 70., 145, 216, 0, 48., 146, 429, 0,
    65., 147, 448, 0, 69., 148, 70, 0, 52., 149, 217, 0, 59., 150, 312,
    0, 20., 151, 167, 0, 53., 152, 138, 0, 57., 153, 312, 0, 40., 154,
    429, 0, 64., 155, 440, 0, 52., 156, 454, 0, 57., 157, 173, 0, 53.,
    158, 495, 0, 64., 159, 456, 0, 48., 160, 327, 0, 66., 161, 133, 0,
    57., 162, 312, 0, 47., 163, 408, 0, 73., 164, 68, 0, 49., 165, 370,
    0, 41., 166, 51, 0, 57., 167, 393, 0, 68., 168, 496, 0, 38., 169,
    159, 0, 52., 170, 417, 0, 58., 171, 216, 0, 54., 172, 373, 0, 57.,
    173, 440, 0, 63., 174, 161, 0, 45., 175, 10, 0, 49., 176, 54, 0, 62.,
    177, 27, 0, 49., 178, 346, 0, 52., 179, 52, 0, 52., 180, 413, 0, 55.,
    181, 262, 0, 20., 182, 153, 0, 47., 183, 184, 0, 40., 184, 454, 0,
    60., 185, 288, 0, 48., 186, 397, 0, 69., 187, 429, 0, 63., 188, 153,
    0, 49., 189, 3, 0, 57., 190, 429, 0, 64., 191, 386, 0, 55., 192, 470,
    0, 76., 193, 26, 0, 43., 194, 374, 0, 66., 195, 265, 0, 67., 196,
    320, 0, 62., 197, 386, 0, 64., 198, 181, 0, 35., 199, 147, 0, 64.,
    200, 153, 0, 45., 201, 346, 0, 37., 202, 153, 0, 41., 203, 152, 0,
    39., 204, 132, 0, 57., 205, 416, 0, 56., 206, 415, 0, 73., 207, 262,
    0, 40., 208, 62, 0, 38., 209, 258, 0, 23., 210, 98, 0, 48., 211, 493,
    0, 71., 212, 379, 0, 60., 213, 145, 0, 62., 214, 233, 0, 32., 215,
    411, 0, 54., 216, 233, 0, 28., 217, 233, 0, 51., 218, 322, 0, 34.,
    219, 371, 0, 46., 220, 457, 0, 69., 221, 128, 0, 70., 222, 370, 0,
    45., 223, 139, 0, 44., 224, 248, 0, 31., 225, 68, 0, 48., 226, 348,
    0, 64., 227, 371, 0, 57., 228, 442, 0, 59., 229, 234, 0, 42., 230,
    496, 0, 50., 231, 157, 0, 59., 232, 173, 0, 51., 233, 43, 0, 54.,
    234, 417, 0, 63., 235, 98, 0, 37., 236, 45, 0, 61., 237, 358, 0, 35.,
    238, 226, 0, 35., 239, 217, 0, 32., 240, 312, 0, 30., 241, 233, 0,
    30., 242, 364, 0, 49., 243, 269, 0, 56., 244, 351, 0, 48., 245, 257,
    0, 54., 246, 276, 0, 63., 247, 147, 0, 50., 248, 152, 0, 55., 249,
    483, 0, 70., 250, 135, 0, 53., 251, 479, 0, 55., 252, 440, 0, 51.,
    253, 54, 0, 62., 254, 481, 0, 67., 255, 216, 0, 51., 256, 24, 0, 61.,
    257, 119, 0, 66., 258, 429, 0, 54., 259, 216, 0, 45., 260, 456, 0,
    55., 261, 52, 0, 55., 262, 188, 0, 59., 263, 66, 0, 59., 264, 424, 0,
    67., 265, 89, 0, 46., 266, 377, 0, 64., 267, 26, 0, 39., 268, 233, 0,
    51., 269, 467, 0, 62., 270, 233, 0, 44., 271, 27, 0, 46., 272, 457,
    0, 67., 273, 371, 0, 52., 274, 226, 0, 40., 275, 216, 0, 66., 276,
    233, 0, 30., 277, 262, 0, 44., 278, 119, 0, 53., 279, 322, 0, 38.,
    280, 346, 0, 46., 281, 370, 0, 40., 282, 312, 0, 39., 283, 11, 0,
    64., 284, 255, 0, 61., 285, 203, 0, 54., 286, 255, 0, 63., 287, 312,
    0, 52., 288, 351, 0, 63., 289, 286, 0, 41., 290, 233, 0, 35., 291,
    132, 0, 47., 292, 233, 0, 33., 293, 496, 0, 53., 294, 67, 0, 63.,
    295, 233, 0, 54., 296, 412, 0, 47., 297, 128, 0, 56., 298, 288, 0,
    21., 299, 213, 0, 70., 300, 481, 0, 66., 301, 399, 0, 54., 302, 315,
    0, 67., 303, 322, 0, 50., 304, 233, 0, 36., 305, 43, 0, 45., 306,
    160, 0, 46., 307, 417, 0, 71., 308, 370, 0, 35., 309, 301, 0, 35.,
    310, 319, 0, 43., 311, 370, 0, 44., 312, 375, 0, 57., 313, 216, 0,
    50., 314, 377, 0, 64., 315, 490, 0, 69., 316, 169, 0, 45., 317, 276,
    0, 61., 318, 219, 0, 47., 319, 330, 0, 38., 320, 390, 0, 50., 321,
    391, 0, 56., 322, 139, 0, 73., 323, 388, 0, 47., 324, 353, 0, 50.,
    325, 398, 0, 51., 326, 346, 0, 57., 327, 145, 0, 43., 328, 454, 0,
    57., 329, 471, 0, 55., 330, 371, 0, 51., 331, 67, 0, 61., 332, 279,
    0, 60., 333, 135, 0, 57., 334, 312, 0, 44., 335, 51, 0, 66., 336, 70,
    0, 54., 337, 127, 0, 58., 338, 119, 0, 61., 339, 353, 0, 58., 340,
    413, 0, 58., 341, 359, 0, 45., 342, 322, 0, 29., 343, 128, 0, 45.,
    344, 54, 0, 66., 345, 438, 0, 57., 346, 370, 0, 38., 347, 312, 0,
    42., 348, 159, 0, 64., 349, 330, 0, 61., 350, 203, 0, 31., 351, 157,
    0, 49., 352, 89, 0, 63., 353, 67, 0, 43., 354, 443, 0, 60., 355, 351,
    0, 43., 356, 233, 0, 39., 357, 325, 0, 41., 358, 145, 0, 56., 359,
    317, 0, 69., 360, 195, 0, 39., 361, 322, 0, 43., 362, 312, 0, 53.,
    363, 173, 0, 49., 364, 399, 0, 40., 365, 127, 0, 46., 366, 23, 0,
    58., 367, 233, 0, 31., 368, 217, 0, 50., 369, 141, 0, 41., 370, 397,
    0, 69., 371, 288, 0, 59., 372, 409, 0, 47., 373, 407, 0, 60., 374,
    338, 0, 75., 375, 141, 0, 58., 376, 383, 0, 44., 377, 234, 0, 34.,
    378, 493, 0, 67., 379, 312, 0, 40., 380, 147, 0, 41., 381, 216, 0,
    66., 382, 438, 0, 61., 383, 414, 0, 71., 384, 480, 0, 59., 385, 445,
    0, 71., 386, 252, 0, 60., 387, 88, 0, 62., 388, 70, 0, 50., 389, 128,
    0, 53., 390, 322, 0, 50., 391, 358, 0, 51., 392, 390, 0, 67., 393,
    346, 0, 63., 394, 233, 0, 41., 395, 279, 0, 41., 396, 391, 0, 56.,
    397, 288, 0, 55., 398, 288, 0, 33., 399, 346, 0, 55., 400, 493, 0,
    49., 401, 119, 0, 61., 402, 431, 0, 64., 403, 312, 0, 38., 404, 353,
    0, 57., 405, 322, 0, 48., 406, 160, 0, 43., 407, 233, 0, 40., 408,
    173, 0, 42., 409, 428, 0, 52., 410, 89, 0, 63., 411, 233, 0, 30.,
    412, 346, 0, 46., 413, 411, 0, 62., 414, 489, 0, 59., 415, 238, 0,
    46., 416, 413, 0, 58., 417, 152, 0, 58., 418, 370, 0, 50., 419, 271,
    0, 64., 420, 24, 0, 65., 421, 362, 0, 46., 422, 233, 0, 31., 423,
    448, 0, 41., 424, 88, 0, 56., 425, 255, 0, 56., 426, 355, 0, 69.,
